set I := 1 2 3 4 5 6 7 8 9 10 11 12 13 14 15 16 17 18 19 20 21 22 23 24 25 26 27 28 29 30 31 32 33 34 35 36 37 38 39 40 41 42 43 44 45 46 47 48 49 50 51 52 53 54 55 56 57 58 59 60 61 62 63 64 65 66 67 68 69 70 71 72 73 74 75 76 77 78 79 80 81 82 83 84 85 86 87 88 89 90 91 92 93 94 95 96 97 98 99 100 101 102 103 104 105 106 107 108 109 110 111 112 113 114 115 116 117 118 119 120 121 122 123 124 125 126 127 128 129 130 131 132 133 134 135 136 137 138 139 140 141 142 143 144 145 146 147 148 149 150 151 152 153 154 155 156 157 158 159 160 161 162 163 164 165 166 167 168 169 170 171 172 173 174 175 176 177 178 179 180 181 182 183 184 185 186 187 188 189 190 191 192 193 194 195 196 197 198 199 200 201 202 203 204 205 206 207 208 209 210 211 212 213 214 215 216 217 218 219 220 221 222 223 224 225 226 227 228 229 230 231 232 233 234 235 236 237 238 239 240 241 242 243 244 245 246 247 248 249 250 251 252 253 254 255 256 257 258 259 ;

set J := 1 2 3 4 5 6 7 8 9 10 11 12 13 14 15 16 17 18 19 20 21 22 23 24 25 26 27 28 29 30 31 32 33 34 35 36 37 38 39 40 41 42 43 44 45 46 47 48 49 50 51 52 53 54 55 56 57 58 59 60 61 62 63 64 65 66 67 68 69 70 71 72 73 74 75 76 77 78 79 80 81 82 83 84 85 86 87 88 89 90 91 92 93 94 95 96 97 98 99 100 101 102 103 104 105 106 107 108 109 110 111 112 113 114 115 116 117 118 119 120 121 122 123 124 125 126 127 128 129 130 131 132 133 134 135 136 137 138 139 140 141 142 143 144 145 146 147 148 149 150 151 152 153 154 155 156 157 158 159 160 161 162 163 164 165 166 167 168 169 170 171 172 173 174 175 176 177 178 179 180 181 182 183 184 185 186 187 188 189 190 191 192 193 194 195 196 197 198 199 200 201 202 203 204 205 206 207 208 209 210 211 212 213 214 215 216 217 218 219 220 221 222 223 224 225 226 227 228 229 230 231 232 233 234 235 236 237 238 239 240 241 242 243 244 245 246 247 248 249 250 251 252 253 254 255 256 257 258 259 260 261 262 263 264 265 266 267 268 269 270 271 272 273 274 275 276 277 278 279 280 281 282 283 284 285 286 287 288 289 290 291 292 293 294 295 296 297 298 299 300 301 302 303 304 305 306 307 308 309 310 311 312 313 314 315 316 317 318 319 320 321 322 323 324 325 326 327 328 329 330 331 332 333 334 335 336 337 338 339 340 341 342 343 344 345 346 347 348 349 350 351 352 353 354 355 356 357 358 359 360 361 362 363 364 365 366 367 368 369 370 371 372 373 374 375 376 377 378 379 380 381 382 383 384 385 386 387 388 389 390 391 392 393 394 395 396 397 398 399 400 401 402 403 404 405 406 407 408 409 410 411 412 413 414 415 416 417 418 419 420 421 422 423 424 425 426 427 428 429 430 431 432 433 434 435 436 437 438 439 440 441 442 443 444 445 446 447 448 449 450 451 452 453 454 455 456 457 458 459 460 461 462 463 464 465 466 467 468 469 470 471 472 473 474 475 476 477 478 479 480 481 482 483 484 485 486 487 488 489 490 491 492 493 494 495 496 497 498 499 500 ;

param b:=     1   50
              2   50
              3   50
              4   50
              5   50
              6   50
              7   50
              8   50
              9   50
              10   50
              11   50
              12   50
              13   50
              14   50
              15   50
              16   50
              17   50
              18   50
              19   50
              20   50
              21   50
              22   50
              23   50
              24   50
              25   50
              26   50
              27   50
              28   50
              29   50
              30   50
              31   50
              32   50
              33   50
              34   50
              35   50
              36   50
              37   50
              38   50
              39   50
              40   50
              41   50
              42   50
              43   50
              44   50
              45   50
              46   50
              47   50
              48   50
              49   50
              50   50
              51   50
              52   50
              53   50
              54   50
              55   50
              56   50
              57   50
              58   50
              59   50
              60   50
              61   50
              62   50
              63   50
              64   50
              65   50
              66   50
              67   50
              68   50
              69   50
              70   50
              71   50
              72   50
              73   50
              74   50
              75   50
              76   50
              77   50
              78   50
              79   50
              80   50
              81   50
              82   50
              83   50
              84   50
              85   50
              86   50
              87   50
              88   50
              89   50
              90   50
              91   50
              92   50
              93   50
              94   50
              95   50
              96   50
              97   50
              98   50
              99   50
              100   50
              101   50
              102   50
              103   50
              104   50
              105   50
              106   100
              107   100
              108   100
              109   100
              110   100
              111   100
              112   100
              113   100
              114   100
              115   100
              116   100
              117   100
              118   100
              119   100
              120   100
              121   100
              122   100
              123   100
              124   100
              125   100
              126   100
              127   100
              128   100
              129   100
              130   100
              131   100
              132   100
              133   100
              134   100
              135   100
              136   100
              137   100
              138   100
              139   100
              140   100
              141   100
              142   100
              143   100
              144   100
              145   100
              146   100
              147   100
              148   100
              149   100
              150   100
              151   100
              152   100
              153   100
              154   100
              155   100
              156   100
              157   100
              158   100
              159   150
              160   150
              161   150
              162   150
              163   150
              164   150
              165   150
              166   150
              167   150
              168   150
              169   150
              170   150
              171   150
              172   150
              173   150
              174   150
              175   150
              176   150
              177   150
              178   150
              179   150
              180   150
              181   150
              182   150
              183   150
              184   150
              185   150
              186   150
              187   150
              188   150
              189   150
              190   150
              191   150
              192   150
              193   150
              194   200
              195   200
              196   200
              197   200
              198   200
              199   200
              200   200
              201   200
              202   200
              203   200
              204   200
              205   200
              206   200
              207   200
              208   200
              209   200
              210   200
              211   200
              212   200
              213   200
              214   200
              215   200
              216   200
              217   200
              218   200
              219   200
              220   200
              221   250
              222   250
              223   250
              224   250
              225   250
              226   250
              227   250
              228   250
              229   250
              230   250
              231   250
              232   250
              233   250
              234   250
              235   250
              236   250
              237   250
              238   250
              239   250
              240   250
              241   250
              242   300
              243   300
              244   300
              245   300
              246   300
              247   300
              248   300
              249   300
              250   300
              251   300
              252   300
              253   300
              254   300
              255   300
              256   300
              257   300
              258   300
              259   300
;


param f:=     1   1196
              2   1279
              3   1520
              4   1245
              5   986
              6   1410
              7   1532
              8   932
              9   1500
              10   1156
              11   1078
              12   1184
              13   1256
              14   1505
              15   1255
              16   1020
              17   1284
              18   1239
              19   872
              20   843
              21   1480
              22   1200
              23   1324
              24   1413
              25   1476
              26   1129
              27   1106
              28   1189
              29   1575
              30   1554
              31   1359
              32   1500
              33   1466
              34   1454
              35   915
              36   1127
              37   1210
              38   1421
              39   898
              40   1328
              41   1056
              42   1199
              43   1522
              44   1397
              45   1483
              46   878
              47   1495
              48   1094
              49   1359
              50   1249
              51   1130
              52   1089
              53   1175
              54   1371
              55   955
              56   1418
              57   1558
              58   1151
              59   1057
              60   1003
              61   1459
              62   1411
              63   1337
              64   1338
              65   1510
              66   1200
              67   1313
              68   1054
              69   944
              70   1182
              71   1126
              72   1149
              73   914
              74   924
              75   1242
              76   1158
              77   1107
              78   1116
              79   1365
              80   1186
              81   1319
              82   1303
              83   1259
              84   1466
              85   833
              86   882
              87   1080
              88   1402
              89   806
              90   1094
              91   1000
              92   1308
              93   1522
              94   842
              95   821
              96   949
              97   1063
              98   1125
              99   1212
              100   840
              101   1116
              102   1263
              103   987
              104   844
              105   1114
              106   2066
              107   2163
              108   1489
              109   1412
              110   1387
              111   1934
              112   1904
              113   1622
              114   2253
              115   1318
              116   1915
              117   1563
              118   1538
              119   2094
              120   1666
              121   1596
              122   1544
              123   1134
              124   1901
              125   2186
              126   1892
              127   1510
              128   1912
              129   1210
              130   1657
              131   1331
              132   1490
              133   1301
              134   1989
              135   1697
              136   2094
              137   1387
              138   1995
              139   1435
              140   1348
              141   1869
              142   1743
              143   1858
              144   1469
              145   1986
              146   1801
              147   1374
              148   1846
              149   1938
              150   2032
              151   1287
              152   1260
              153   1666
              154   1455
              155   1237
              156   2080
              157   1760
              158   1247
              159   2475
              160   1611
              161   1857
              162   1618
              163   1331
              164   2092
              165   2108
              166   1776
              167   2564
              168   1407
              169   1322
              170   1814
              171   2378
              172   1489
              173   2427
              174   2127
              175   2489
              176   1809
              177   2012
              178   1556
              179   2523
              180   2460
              181   2083
              182   1785
              183   2700
              184   2303
              185   2654
              186   2397
              187   1402
              188   2060
              189   1474
              190   2020
              191   2033
              192   2112
              193   2123
              194   2067
              195   2961
              196   1571
              197   2814
              198   2919
              199   2938
              200   3103
              201   1961
              202   2439
              203   2370
              204   1733
              205   2032
              206   2007
              207   2759
              208   2960
              209   2807
              210   1937
              211   1777
              212   2967
              213   2952
              214   2106
              215   2655
              216   2837
              217   2054
              218   2491
              219   2390
              220   2441
              221   2591
              222   3436
              223   3311
              224   3512
              225   2833
              226   2533
              227   2003
              228   2165
              229   2390
              230   3001
              231   2153
              232   2803
              233   1958
              234   3059
              235   2099
              236   2503
              237   2967
              238   1976
              239   2126
              240   1961
              241   3056
              242   2470
              243   2478
              244   2698
              245   3031
              246   2070
              247   3623
              248   3323
              249   3008
              250   2268
              251   2921
              252   2433
              253   2698
              254   2206
              255   3049
              256   2582
              257   2702
              258   2356
              259   3282
;


param w:=     1   7
              2   15
              3   4
              4   7
              5   19
              6   3
              7   10
              8   14
              9   16
              10   1
              11   19
              12   10
              13   13
              14   19
              15   12
              16   14
              17   12
              18   15
              19   1
              20   3
              21   7
              22   14
              23   20
              24   2
              25   19
              26   3
              27   2
              28   4
              29   20
              30   2
              31   15
              32   19
              33   19
              34   9
              35   3
              36   4
              37   9
              38   14
              39   8
              40   16
              41   14
              42   16
              43   4
              44   11
              45   3
              46   1
              47   16
              48   9
              49   15
              50   11
              51   15
              52   9
              53   2
              54   2
              55   13
              56   2
              57   1
              58   18
              59   6
              60   4
              61   13
              62   17
              63   13
              64   13
              65   12
              66   4
              67   9
              68   11
              69   14
              70   4
              71   15
              72   2
              73   16
              74   17
              75   3
              76   9
              77   15
              78   4
              79   17
              80   17
              81   11
              82   12
              83   7
              84   10
              85   8
              86   13
              87   5
              88   16
              89   14
              90   19
              91   19
              92   14
              93   6
              94   10
              95   20
              96   5
              97   18
              98   2
              99   4
              100   13
              101   4
              102   2
              103   18
              104   15
              105   12
              106   8
              107   14
              108   10
              109   6
              110   2
              111   3
              112   8
              113   9
              114   10
              115   11
              116   17
              117   19
              118   8
              119   15
              120   14
              121   9
              122   14
              123   19
              124   14
              125   12
              126   6
              127   2
              128   16
              129   19
              130   1
              131   7
              132   9
              133   17
              134   4
              135   7
              136   15
              137   8
              138   16
              139   2
              140   8
              141   3
              142   19
              143   13
              144   7
              145   3
              146   10
              147   6
              148   2
              149   10
              150   7
              151   3
              152   20
              153   12
              154   10
              155   5
              156   13
              157   9
              158   8
              159   10
              160   12
              161   9
              162   2
              163   4
              164   16
              165   9
              166   2
              167   8
              168   4
              169   3
              170   19
              171   6
              172   9
              173   17
              174   4
              175   12
              176   4
              177   11
              178   5
              179   12
              180   9
              181   15
              182   16
              183   2
              184   4
              185   11
              186   7
              187   7
              188   7
              189   13
              190   14
              191   19
              192   17
              193   13
              194   11
              195   12
              196   15
              197   13
              198   18
              199   19
              200   9
              201   13
              202   4
              203   2
              204   4
              205   14
              206   13
              207   6
              208   13
              209   8
              210   6
              211   11
              212   12
              213   14
              214   4
              215   9
              216   16
              217   3
              218   10
              219   10
              220   12
              221   14
              222   10
              223   3
              224   3
              225   18
              226   19
              227   14
              228   10
              229   5
              230   15
              231   19
              232   3
              233   15
              234   6
              235   3
              236   6
              237   13
              238   20
              239   7
              240   17
              241   16
              242   3
              243   14
              244   7
              245   16
              246   9
              247   6
              248   6
              249   2
              250   11
              251   13
              252   14
              253   14
              254   2
              255   15
              256   14
              257   6
              258   12
              259   14
              260   10
              261   2
              262   16
              263   8
              264   11
              265   13
              266   4
              267   9
              268   3
              269   14
              270   14
              271   15
              272   10
              273   3
              274   9
              275   7
              276   19
              277   18
              278   4
              279   4
              280   5
              281   3
              282   4
              283   14
              284   4
              285   3
              286   7
              287   16
              288   6
              289   9
              290   2
              291   8
              292   19
              293   14
              294   7
              295   5
              296   9
              297   11
              298   11
              299   6
              300   6
              301   13
              302   4
              303   9
              304   16
              305   7
              306   18
              307   3
              308   10
              309   18
              310   16
              311   17
              312   4
              313   7
              314   18
              315   18
              316   12
              317   15
              318   10
              319   19
              320   7
              321   19
              322   5
              323   14
              324   12
              325   17
              326   2
              327   3
              328   13
              329   9
              330   6
              331   3
              332   8
              333   16
              334   20
              335   12
              336   5
              337   18
              338   17
              339   17
              340   12
              341   3
              342   12
              343   8
              344   13
              345   17
              346   16
              347   11
              348   19
              349   3
              350   15
              351   5
              352   10
              353   7
              354   13
              355   15
              356   4
              357   8
              358   4
              359   4
              360   17
              361   18
              362   9
              363   8
              364   13
              365   12
              366   3
              367   18
              368   19
              369   7
              370   5
              371   5
              372   16
              373   7
              374   18
              375   20
              376   4
              377   13
              378   17
              379   9
              380   11
              381   4
              382   2
              383   11
              384   6
              385   8
              386   4
              387   4
              388   5
              389   10
              390   12
              391   17
              392   17
              393   8
              394   14
              395   18
              396   14
              397   3
              398   15
              399   15
              400   10
              401   17
              402   9
              403   5
              404   18
              405   4
              406   9
              407   10
              408   8
              409   18
              410   2
              411   18
              412   8
              413   19
              414   8
              415   14
              416   13
              417   17
              418   17
              419   15
              420   12
              421   19
              422   20
              423   2
              424   18
              425   3
              426   5
              427   17
              428   19
              429   1
              430   1
              431   20
              432   15
              433   6
              434   19
              435   19
              436   16
              437   19
              438   5
              439   8
              440   10
              441   20
              442   12
              443   5
              444   6
              445   5
              446   1
              447   15
              448   18
              449   8
              450   6
              451   7
              452   7
              453   4
              454   1
              455   2
              456   11
              457   15
              458   18
              459   20
              460   11
              461   2
              462   11
              463   15
              464   18
              465   2
              466   9
              467   8
              468   18
              469   4
              470   16
              471   18
              472   4
              473   20
              474   18
              475   8
              476   19
              477   8
              478   9
              479   13
              480   18
              481   20
              482   15
              483   6
              484   3
              485   8
              486   12
              487   15
              488   2
              489   18
              490   13
              491   16
              492   17
              493   12
              494   2
              495   18
              496   2
              497   15
              498   7
              499   12
              500   3
;

