set I := 1 2 3 4 5 6 7 8 9 10 11 12 13 14 15 16 17 18 19 20 21 22 23 24 25 26 27 28 29 30 31 32 33 34 35 36 37 38 39 40 41 42 43 44 45 46 47 48 49 50 51 52 53 54 55 ;

set J := 1 2 3 4 5 6 7 8 9 10 11 12 13 14 15 16 17 18 19 20 21 22 23 24 25 26 27 28 29 30 31 32 33 34 35 36 37 38 39 40 41 42 43 44 45 46 47 48 49 50 51 52 53 54 55 56 57 58 59 60 61 62 63 64 65 66 67 68 69 70 71 72 73 74 75 76 77 78 79 80 81 82 83 84 85 86 87 88 89 90 91 92 93 94 95 96 97 98 99 100 101 102 103 104 105 106 107 108 109 110 111 112 113 114 115 116 117 118 119 120 121 122 123 124 125 126 127 128 129 130 131 132 133 134 135 136 137 138 139 140 141 142 143 144 145 146 147 148 149 150 151 152 153 154 155 156 157 158 159 160 161 162 163 164 165 166 167 168 169 170 171 172 173 174 175 176 177 178 179 180 181 182 183 184 185 186 187 188 189 190 191 192 193 194 195 196 197 198 199 200 201 202 203 204 205 206 207 208 209 210 211 212 213 214 215 216 217 218 219 220 221 222 223 224 225 226 227 228 229 230 231 232 233 234 235 236 237 238 239 240 241 242 243 244 245 246 247 248 249 250 251 252 253 254 255 256 257 258 259 260 261 262 263 264 265 266 267 268 269 270 271 272 273 274 275 276 277 278 279 280 281 282 283 284 285 286 287 288 289 290 291 292 293 294 295 296 297 298 299 300 301 302 303 304 305 306 307 308 309 310 311 312 313 314 315 316 317 318 319 320 321 322 323 324 325 326 327 328 329 330 331 332 333 334 335 336 337 338 339 340 341 342 343 344 345 346 347 348 349 350 351 352 353 354 355 356 357 358 359 360 361 362 363 364 365 366 367 368 369 370 371 372 373 374 375 376 377 378 379 380 381 382 383 384 385 386 387 388 389 390 391 392 393 394 395 396 397 398 399 400 401 402 403 404 405 406 407 408 409 410 411 412 413 414 415 416 417 418 419 420 421 422 423 424 425 426 427 428 429 430 431 432 433 434 435 436 437 438 439 440 441 442 443 444 445 446 447 448 449 450 451 452 453 454 455 456 457 458 459 460 461 462 463 464 465 466 467 468 469 470 471 472 473 474 475 476 477 478 479 480 481 482 483 484 485 486 487 488 489 490 491 492 493 494 495 496 497 498 499 500 ;

param b:=     1   60
              2   65
              3   70
              4   75
              5   80
              6   85
              7   90
              8   95
              9   100
              10   105
              11   110
              12   115
              13   120
              14   125
              15   130
              16   135
              17   140
              18   145
              19   150
              20   155
              21   160
              22   165
              23   170
              24   175
              25   180
              26   185
              27   190
              28   195
              29   200
              30   205
              31   210
              32   215
              33   220
              34   225
              35   230
              36   235
              37   240
              38   245
              39   250
              40   255
              41   260
              42   265
              43   270
              44   275
              45   280
              46   285
              47   290
              48   295
              49   300
              50   305
              51   310
              52   315
              53   320
              54   325
              55   330
;


param f:=     1   1635
              2   1282
              3   1613
              4   1252
              5   1847
              6   1191
              7   1142
              8   1551
              9   1975
              10   2197
              11   1303
              12   2116
              13   2177
              14   2481
              15   2179
              16   1439
              17   2376
              18   1460
              19   2405
              20   1820
              21   1899
              22   2100
              23   2664
              24   1967
              25   2609
              26   2485
              27   2027
              28   2293
              29   2758
              30   2392
              31   2667
              32   2935
              33   1645
              34   2930
              35   2671
              36   2167
              37   2580
              38   2173
              39   2987
              40   1746
              41   3167
              42   2216
              43   2004
              44   3106
              45   2766
              46   2183
              47   3678
              48   2203
              49   3388
              50   3590
              51   2579
              52   2994
              53   3811
              54   3540
              55   2623
;


param w:=     1   7
              2   15
              3   4
              4   7
              5   19
              6   3
              7   10
              8   14
              9   16
              10   1
              11   19
              12   10
              13   13
              14   19
              15   12
              16   14
              17   12
              18   15
              19   1
              20   3
              21   7
              22   14
              23   20
              24   2
              25   19
              26   3
              27   2
              28   4
              29   20
              30   2
              31   15
              32   19
              33   19
              34   9
              35   3
              36   4
              37   9
              38   14
              39   8
              40   16
              41   14
              42   16
              43   4
              44   11
              45   3
              46   1
              47   16
              48   9
              49   15
              50   11
              51   15
              52   9
              53   2
              54   2
              55   13
              56   2
              57   1
              58   18
              59   6
              60   4
              61   13
              62   17
              63   13
              64   13
              65   12
              66   4
              67   9
              68   11
              69   14
              70   4
              71   15
              72   2
              73   16
              74   17
              75   3
              76   9
              77   15
              78   4
              79   17
              80   17
              81   11
              82   12
              83   7
              84   10
              85   8
              86   13
              87   5
              88   16
              89   14
              90   19
              91   19
              92   14
              93   6
              94   10
              95   20
              96   5
              97   18
              98   2
              99   4
              100   13
              101   4
              102   2
              103   18
              104   15
              105   12
              106   8
              107   14
              108   10
              109   6
              110   2
              111   3
              112   8
              113   9
              114   10
              115   11
              116   17
              117   19
              118   8
              119   15
              120   14
              121   9
              122   14
              123   19
              124   14
              125   12
              126   6
              127   2
              128   16
              129   19
              130   1
              131   7
              132   9
              133   17
              134   4
              135   7
              136   15
              137   8
              138   16
              139   2
              140   8
              141   3
              142   19
              143   13
              144   7
              145   3
              146   10
              147   6
              148   2
              149   10
              150   7
              151   3
              152   20
              153   12
              154   10
              155   5
              156   13
              157   9
              158   8
              159   10
              160   12
              161   9
              162   2
              163   4
              164   16
              165   9
              166   2
              167   8
              168   4
              169   3
              170   19
              171   6
              172   9
              173   17
              174   4
              175   12
              176   4
              177   11
              178   5
              179   12
              180   9
              181   15
              182   16
              183   2
              184   4
              185   11
              186   7
              187   7
              188   7
              189   13
              190   14
              191   19
              192   17
              193   13
              194   11
              195   12
              196   15
              197   13
              198   18
              199   19
              200   9
              201   13
              202   4
              203   2
              204   4
              205   14
              206   13
              207   6
              208   13
              209   8
              210   6
              211   11
              212   12
              213   14
              214   4
              215   9
              216   16
              217   3
              218   10
              219   10
              220   12
              221   14
              222   10
              223   3
              224   3
              225   18
              226   19
              227   14
              228   10
              229   5
              230   15
              231   19
              232   3
              233   15
              234   6
              235   3
              236   6
              237   13
              238   20
              239   7
              240   17
              241   16
              242   3
              243   14
              244   7
              245   16
              246   9
              247   6
              248   6
              249   2
              250   11
              251   13
              252   14
              253   14
              254   2
              255   15
              256   14
              257   6
              258   12
              259   14
              260   10
              261   2
              262   16
              263   8
              264   11
              265   13
              266   4
              267   9
              268   3
              269   14
              270   14
              271   15
              272   10
              273   3
              274   9
              275   7
              276   19
              277   18
              278   4
              279   4
              280   5
              281   3
              282   4
              283   14
              284   4
              285   3
              286   7
              287   16
              288   6
              289   9
              290   2
              291   8
              292   19
              293   14
              294   7
              295   5
              296   9
              297   11
              298   11
              299   6
              300   6
              301   13
              302   4
              303   9
              304   16
              305   7
              306   18
              307   3
              308   10
              309   18
              310   16
              311   17
              312   4
              313   7
              314   18
              315   18
              316   12
              317   15
              318   10
              319   19
              320   7
              321   19
              322   5
              323   14
              324   12
              325   17
              326   2
              327   3
              328   13
              329   9
              330   6
              331   3
              332   8
              333   16
              334   20
              335   12
              336   5
              337   18
              338   17
              339   17
              340   12
              341   3
              342   12
              343   8
              344   13
              345   17
              346   16
              347   11
              348   19
              349   3
              350   15
              351   5
              352   10
              353   7
              354   13
              355   15
              356   4
              357   8
              358   4
              359   4
              360   17
              361   18
              362   9
              363   8
              364   13
              365   12
              366   3
              367   18
              368   19
              369   7
              370   5
              371   5
              372   16
              373   7
              374   18
              375   20
              376   4
              377   13
              378   17
              379   9
              380   11
              381   4
              382   2
              383   11
              384   6
              385   8
              386   4
              387   4
              388   5
              389   10
              390   12
              391   17
              392   17
              393   8
              394   14
              395   18
              396   14
              397   3
              398   15
              399   15
              400   10
              401   17
              402   9
              403   5
              404   18
              405   4
              406   9
              407   10
              408   8
              409   18
              410   2
              411   18
              412   8
              413   19
              414   8
              415   14
              416   13
              417   17
              418   17
              419   15
              420   12
              421   19
              422   20
              423   2
              424   18
              425   3
              426   5
              427   17
              428   19
              429   1
              430   1
              431   20
              432   15
              433   6
              434   19
              435   19
              436   16
              437   19
              438   5
              439   8
              440   10
              441   20
              442   12
              443   5
              444   6
              445   5
              446   1
              447   15
              448   18
              449   8
              450   6
              451   7
              452   7
              453   4
              454   1
              455   2
              456   11
              457   15
              458   18
              459   20
              460   11
              461   2
              462   11
              463   15
              464   18
              465   2
              466   9
              467   8
              468   18
              469   4
              470   16
              471   18
              472   4
              473   20
              474   18
              475   8
              476   19
              477   8
              478   9
              479   13
              480   18
              481   20
              482   15
              483   6
              484   3
              485   8
              486   12
              487   15
              488   2
              489   18
              490   13
              491   16
              492   17
              493   12
              494   2
              495   18
              496   2
              497   15
              498   7
              499   12
              500   3
;

