set I := 1 2 3 4 5 6 7 8 9 10 11 12 13 14 15 16 17 18 19 20 21 22 23 24 25 26 27 28 29 30 31 32 33 34 35 36 37 38 39 40 41 42 43 44 45 46 47 48 49 50 51 52 53 54 55 ;

set J := 1 2 3 4 5 6 7 8 9 10 11 12 13 14 15 16 17 18 19 20 21 22 23 24 25 26 27 28 29 30 31 32 33 34 35 36 37 38 39 40 41 42 43 44 45 46 47 48 49 50 51 52 53 54 55 56 57 58 59 60 61 62 63 64 65 66 67 68 69 70 71 72 73 74 75 76 77 78 79 80 81 82 83 84 85 86 87 88 89 90 91 92 93 94 95 96 97 98 99 100 101 102 103 104 105 106 107 108 109 110 111 112 113 114 115 116 117 118 119 120 121 122 123 124 125 126 127 128 129 130 131 132 133 134 135 136 137 138 139 140 141 142 143 144 145 146 147 148 149 150 151 152 153 154 155 156 157 158 159 160 161 162 163 164 165 166 167 168 169 170 171 172 173 174 175 176 177 178 179 180 181 182 183 184 185 186 187 188 189 190 191 192 193 194 195 196 197 198 199 200 201 202 203 204 205 206 207 208 209 210 211 212 213 214 215 216 217 218 219 220 221 222 223 224 225 226 227 228 229 230 231 232 233 234 235 236 237 238 239 240 241 242 243 244 245 246 247 248 249 250 251 252 253 254 255 256 257 258 259 260 261 262 263 264 265 266 267 268 269 270 271 272 273 274 275 276 277 278 279 280 281 282 283 284 285 286 287 288 289 290 291 292 293 294 295 296 297 298 299 300 301 302 303 304 305 306 307 308 309 310 311 312 313 314 315 316 317 318 319 320 321 322 323 324 325 326 327 328 329 330 331 332 333 334 335 336 337 338 339 340 341 342 343 344 345 346 347 348 349 350 351 352 353 354 355 356 357 358 359 360 361 362 363 364 365 366 367 368 369 370 371 372 373 374 375 376 377 378 379 380 381 382 383 384 385 386 387 388 389 390 391 392 393 394 395 396 397 398 399 400 401 402 403 404 405 406 407 408 409 410 411 412 413 414 415 416 417 418 419 420 421 422 423 424 425 426 427 428 429 430 431 432 433 434 435 436 437 438 439 440 441 442 443 444 445 446 447 448 449 450 451 452 453 454 455 456 457 458 459 460 461 462 463 464 465 466 467 468 469 470 471 472 473 474 475 476 477 478 479 480 481 482 483 484 485 486 487 488 489 490 491 492 493 494 495 496 497 498 499 500 ;

param b:=     1   60
              2   65
              3   70
              4   75
              5   80
              6   85
              7   90
              8   95
              9   100
              10   105
              11   110
              12   115
              13   120
              14   125
              15   130
              16   135
              17   140
              18   145
              19   150
              20   155
              21   160
              22   165
              23   170
              24   175
              25   180
              26   185
              27   190
              28   195
              29   200
              30   205
              31   210
              32   215
              33   220
              34   225
              35   230
              36   235
              37   240
              38   245
              39   250
              40   255
              41   260
              42   265
              43   270
              44   275
              45   280
              46   285
              47   290
              48   295
              49   300
              50   305
              51   310
              52   315
              53   320
              54   325
              55   330
;


param f:=     1   774
              2   806
              3   836
              4   866
              5   894
              6   921
              7   948
              8   974
              9   1000
              10   1024
              11   1048
              12   1072
              13   1095
              14   1118
              15   1140
              16   1161
              17   1183
              18   1204
              19   1224
              20   1244
              21   1264
              22   1284
              23   1303
              24   1322
              25   1341
              26   1360
              27   1378
              28   1396
              29   1414
              30   1431
              31   1449
              32   1466
              33   1483
              34   1500
              35   1516
              36   1532
              37   1549
              38   1565
              39   1581
              40   1596
              41   1612
              42   1627
              43   1643
              44   1658
              45   1673
              46   1688
              47   1702
              48   1717
              49   1732
              50   1746
              51   1760
              52   1774
              53   1788
              54   1802
              55   1816
;


param w:=     1   4
              2   19
              3   16
              4   2
              5   10
              6   10
              7   18
              8   9
              9   6
              10   9
              11   10
              12   8
              13   5
              14   3
              15   14
              16   14
              17   11
              18   17
              19   9
              20   15
              21   3
              22   1
              23   11
              24   17
              25   13
              26   20
              27   16
              28   12
              29   8
              30   17
              31   16
              32   8
              33   1
              34   18
              35   16
              36   11
              37   5
              38   17
              39   4
              40   4
              41   13
              42   4
              43   19
              44   17
              45   5
              46   2
              47   15
              48   7
              49   1
              50   20
              51   15
              52   18
              53   13
              54   9
              55   7
              56   17
              57   7
              58   6
              59   13
              60   19
              61   19
              62   2
              63   3
              64   20
              65   12
              66   15
              67   18
              68   15
              69   9
              70   15
              71   8
              72   14
              73   19
              74   12
              75   20
              76   6
              77   11
              78   18
              79   2
              80   9
              81   3
              82   9
              83   13
              84   8
              85   6
              86   18
              87   7
              88   6
              89   20
              90   5
              91   15
              92   15
              93   6
              94   16
              95   2
              96   8
              97   3
              98   15
              99   5
              100   15
              101   19
              102   15
              103   14
              104   13
              105   16
              106   8
              107   19
              108   7
              109   5
              110   3
              111   9
              112   13
              113   9
              114   4
              115   6
              116   1
              117   10
              118   13
              119   2
              120   4
              121   4
              122   6
              123   17
              124   19
              125   18
              126   6
              127   7
              128   10
              129   8
              130   5
              131   18
              132   15
              133   4
              134   20
              135   10
              136   13
              137   8
              138   2
              139   16
              140   1
              141   14
              142   5
              143   17
              144   7
              145   9
              146   2
              147   2
              148   6
              149   2
              150   14
              151   6
              152   12
              153   9
              154   7
              155   4
              156   2
              157   8
              158   3
              159   11
              160   14
              161   2
              162   9
              163   4
              164   14
              165   6
              166   13
              167   3
              168   4
              169   5
              170   3
              171   17
              172   20
              173   16
              174   20
              175   3
              176   19
              177   17
              178   4
              179   14
              180   1
              181   10
              182   18
              183   7
              184   13
              185   13
              186   12
              187   19
              188   11
              189   16
              190   17
              191   4
              192   2
              193   14
              194   3
              195   13
              196   6
              197   10
              198   17
              199   10
              200   18
              201   10
              202   20
              203   8
              204   13
              205   17
              206   8
              207   12
              208   1
              209   9
              210   18
              211   14
              212   5
              213   19
              214   13
              215   3
              216   12
              217   5
              218   1
              219   7
              220   8
              221   5
              222   17
              223   19
              224   7
              225   18
              226   3
              227   5
              228   1
              229   17
              230   18
              231   18
              232   17
              233   20
              234   8
              235   5
              236   8
              237   19
              238   18
              239   19
              240   13
              241   14
              242   7
              243   5
              244   12
              245   12
              246   19
              247   15
              248   3
              249   2
              250   9
              251   15
              252   15
              253   14
              254   11
              255   13
              256   3
              257   13
              258   5
              259   11
              260   12
              261   17
              262   12
              263   10
              264   8
              265   15
              266   8
              267   7
              268   14
              269   4
              270   13
              271   10
              272   2
              273   9
              274   14
              275   6
              276   4
              277   7
              278   19
              279   16
              280   9
              281   16
              282   9
              283   16
              284   19
              285   12
              286   12
              287   14
              288   3
              289   7
              290   12
              291   15
              292   15
              293   4
              294   19
              295   20
              296   12
              297   13
              298   11
              299   18
              300   5
              301   9
              302   14
              303   2
              304   11
              305   10
              306   16
              307   4
              308   4
              309   17
              310   13
              311   10
              312   9
              313   4
              314   16
              315   16
              316   14
              317   9
              318   18
              319   18
              320   8
              321   18
              322   13
              323   5
              324   15
              325   6
              326   19
              327   8
              328   4
              329   17
              330   2
              331   7
              332   3
              333   2
              334   15
              335   16
              336   13
              337   7
              338   13
              339   4
              340   4
              341   11
              342   10
              343   1
              344   15
              345   15
              346   12
              347   10
              348   2
              349   13
              350   2
              351   16
              352   4
              353   1
              354   10
              355   1
              356   5
              357   19
              358   4
              359   9
              360   16
              361   20
              362   3
              363   10
              364   4
              365   12
              366   16
              367   10
              368   12
              369   15
              370   20
              371   4
              372   13
              373   15
              374   4
              375   7
              376   4
              377   11
              378   4
              379   13
              380   17
              381   18
              382   7
              383   19
              384   7
              385   4
              386   13
              387   17
              388   13
              389   6
              390   6
              391   12
              392   7
              393   6
              394   14
              395   19
              396   12
              397   4
              398   4
              399   7
              400   20
              401   10
              402   6
              403   8
              404   10
              405   7
              406   20
              407   11
              408   11
              409   15
              410   12
              411   15
              412   13
              413   5
              414   12
              415   18
              416   9
              417   4
              418   19
              419   6
              420   5
              421   19
              422   18
              423   10
              424   15
              425   7
              426   2
              427   2
              428   16
              429   11
              430   10
              431   17
              432   7
              433   2
              434   2
              435   18
              436   15
              437   3
              438   19
              439   4
              440   2
              441   7
              442   13
              443   10
              444   18
              445   1
              446   2
              447   6
              448   19
              449   14
              450   16
              451   18
              452   5
              453   4
              454   5
              455   11
              456   9
              457   5
              458   15
              459   1
              460   2
              461   8
              462   18
              463   4
              464   17
              465   20
              466   16
              467   11
              468   8
              469   14
              470   19
              471   5
              472   8
              473   14
              474   16
              475   18
              476   7
              477   9
              478   18
              479   4
              480   6
              481   20
              482   3
              483   14
              484   18
              485   1
              486   13
              487   14
              488   6
              489   7
              490   15
              491   5
              492   16
              493   3
              494   10
              495   18
              496   7
              497   18
              498   5
              499   8
              500   14
;

