set I := 1 2 3 4 5 6 7 8 9 10 11 12 13 14 15 16 17 18 19 20 21 22 23 24 25 26 27 28 29 30 31 32 33 34 35 36 37 38 39 40 41 42 43 44 45 46 47 48 49 50 51 52 53 54 55 56 57 58 59 60 61 62 63 64 65 66 67 68 69 70 71 72 73 74 75 76 77 78 79 80 81 82 83 84 85 86 87 88 89 90 91 92 93 94 95 96 97 98 99 100 101 102 103 104 105 106 107 108 109 110 111 112 113 114 115 116 117 118 119 120 121 122 123 124 125 126 127 128 129 130 131 132 133 134 135 136 137 138 139 140 141 142 143 144 145 146 147 148 149 150 151 152 153 154 155 156 157 158 159 160 161 162 163 164 165 166 167 168 169 170 171 172 173 174 175 176 177 178 179 180 181 182 183 184 185 186 187 188 189 190 191 192 193 194 195 196 197 198 199 200 201 202 203 204 205 206 207 208 209 210 211 212 213 214 215 216 217 218 219 220 221 222 223 224 225 226 227 228 229 230 231 232 233 234 235 236 237 238 239 240 241 242 243 244 245 246 247 248 249 250 251 252 253 254 255 256 257 258 259 260 261 262 ;

set J := 1 2 3 4 5 6 7 8 9 10 11 12 13 14 15 16 17 18 19 20 21 22 23 24 25 26 27 28 29 30 31 32 33 34 35 36 37 38 39 40 41 42 43 44 45 46 47 48 49 50 51 52 53 54 55 56 57 58 59 60 61 62 63 64 65 66 67 68 69 70 71 72 73 74 75 76 77 78 79 80 81 82 83 84 85 86 87 88 89 90 91 92 93 94 95 96 97 98 99 100 101 102 103 104 105 106 107 108 109 110 111 112 113 114 115 116 117 118 119 120 121 122 123 124 125 126 127 128 129 130 131 132 133 134 135 136 137 138 139 140 141 142 143 144 145 146 147 148 149 150 151 152 153 154 155 156 157 158 159 160 161 162 163 164 165 166 167 168 169 170 171 172 173 174 175 176 177 178 179 180 181 182 183 184 185 186 187 188 189 190 191 192 193 194 195 196 197 198 199 200 201 202 203 204 205 206 207 208 209 210 211 212 213 214 215 216 217 218 219 220 221 222 223 224 225 226 227 228 229 230 231 232 233 234 235 236 237 238 239 240 241 242 243 244 245 246 247 248 249 250 251 252 253 254 255 256 257 258 259 260 261 262 263 264 265 266 267 268 269 270 271 272 273 274 275 276 277 278 279 280 281 282 283 284 285 286 287 288 289 290 291 292 293 294 295 296 297 298 299 300 301 302 303 304 305 306 307 308 309 310 311 312 313 314 315 316 317 318 319 320 321 322 323 324 325 326 327 328 329 330 331 332 333 334 335 336 337 338 339 340 341 342 343 344 345 346 347 348 349 350 351 352 353 354 355 356 357 358 359 360 361 362 363 364 365 366 367 368 369 370 371 372 373 374 375 376 377 378 379 380 381 382 383 384 385 386 387 388 389 390 391 392 393 394 395 396 397 398 399 400 401 402 403 404 405 406 407 408 409 410 411 412 413 414 415 416 417 418 419 420 421 422 423 424 425 426 427 428 429 430 431 432 433 434 435 436 437 438 439 440 441 442 443 444 445 446 447 448 449 450 451 452 453 454 455 456 457 458 459 460 461 462 463 464 465 466 467 468 469 470 471 472 473 474 475 476 477 478 479 480 481 482 483 484 485 486 487 488 489 490 491 492 493 494 495 496 497 498 499 500 ;

param b:=     1   50
              2   50
              3   50
              4   50
              5   50
              6   50
              7   50
              8   50
              9   50
              10   50
              11   50
              12   50
              13   50
              14   50
              15   50
              16   50
              17   50
              18   50
              19   50
              20   50
              21   50
              22   50
              23   50
              24   50
              25   50
              26   50
              27   50
              28   50
              29   50
              30   50
              31   50
              32   50
              33   50
              34   50
              35   50
              36   50
              37   50
              38   50
              39   50
              40   50
              41   50
              42   50
              43   50
              44   50
              45   50
              46   50
              47   50
              48   50
              49   50
              50   50
              51   50
              52   50
              53   50
              54   50
              55   50
              56   50
              57   50
              58   50
              59   50
              60   50
              61   50
              62   50
              63   50
              64   50
              65   50
              66   50
              67   50
              68   50
              69   50
              70   50
              71   50
              72   50
              73   50
              74   50
              75   50
              76   50
              77   50
              78   50
              79   50
              80   50
              81   50
              82   50
              83   50
              84   50
              85   50
              86   50
              87   50
              88   50
              89   50
              90   50
              91   50
              92   50
              93   50
              94   50
              95   50
              96   50
              97   50
              98   50
              99   50
              100   50
              101   50
              102   50
              103   50
              104   50
              105   50
              106   50
              107   100
              108   100
              109   100
              110   100
              111   100
              112   100
              113   100
              114   100
              115   100
              116   100
              117   100
              118   100
              119   100
              120   100
              121   100
              122   100
              123   100
              124   100
              125   100
              126   100
              127   100
              128   100
              129   100
              130   100
              131   100
              132   100
              133   100
              134   100
              135   100
              136   100
              137   100
              138   100
              139   100
              140   100
              141   100
              142   100
              143   100
              144   100
              145   100
              146   100
              147   100
              148   100
              149   100
              150   100
              151   100
              152   100
              153   100
              154   100
              155   100
              156   100
              157   100
              158   100
              159   100
              160   150
              161   150
              162   150
              163   150
              164   150
              165   150
              166   150
              167   150
              168   150
              169   150
              170   150
              171   150
              172   150
              173   150
              174   150
              175   150
              176   150
              177   150
              178   150
              179   150
              180   150
              181   150
              182   150
              183   150
              184   150
              185   150
              186   150
              187   150
              188   150
              189   150
              190   150
              191   150
              192   150
              193   150
              194   150
              195   150
              196   200
              197   200
              198   200
              199   200
              200   200
              201   200
              202   200
              203   200
              204   200
              205   200
              206   200
              207   200
              208   200
              209   200
              210   200
              211   200
              212   200
              213   200
              214   200
              215   200
              216   200
              217   200
              218   200
              219   200
              220   200
              221   200
              222   200
              223   250
              224   250
              225   250
              226   250
              227   250
              228   250
              229   250
              230   250
              231   250
              232   250
              233   250
              234   250
              235   250
              236   250
              237   250
              238   250
              239   250
              240   250
              241   250
              242   250
              243   250
              244   250
              245   300
              246   300
              247   300
              248   300
              249   300
              250   300
              251   300
              252   300
              253   300
              254   300
              255   300
              256   300
              257   300
              258   300
              259   300
              260   300
              261   300
              262   300
;


param f:=     1   707
              2   707
              3   707
              4   707
              5   707
              6   707
              7   707
              8   707
              9   707
              10   707
              11   707
              12   707
              13   707
              14   707
              15   707
              16   707
              17   707
              18   707
              19   707
              20   707
              21   707
              22   707
              23   707
              24   707
              25   707
              26   707
              27   707
              28   707
              29   707
              30   707
              31   707
              32   707
              33   707
              34   707
              35   707
              36   707
              37   707
              38   707
              39   707
              40   707
              41   707
              42   707
              43   707
              44   707
              45   707
              46   707
              47   707
              48   707
              49   707
              50   707
              51   707
              52   707
              53   707
              54   707
              55   707
              56   707
              57   707
              58   707
              59   707
              60   707
              61   707
              62   707
              63   707
              64   707
              65   707
              66   707
              67   707
              68   707
              69   707
              70   707
              71   707
              72   707
              73   707
              74   707
              75   707
              76   707
              77   707
              78   707
              79   707
              80   707
              81   707
              82   707
              83   707
              84   707
              85   707
              86   707
              87   707
              88   707
              89   707
              90   707
              91   707
              92   707
              93   707
              94   707
              95   707
              96   707
              97   707
              98   707
              99   707
              100   707
              101   707
              102   707
              103   707
              104   707
              105   707
              106   707
              107   1000
              108   1000
              109   1000
              110   1000
              111   1000
              112   1000
              113   1000
              114   1000
              115   1000
              116   1000
              117   1000
              118   1000
              119   1000
              120   1000
              121   1000
              122   1000
              123   1000
              124   1000
              125   1000
              126   1000
              127   1000
              128   1000
              129   1000
              130   1000
              131   1000
              132   1000
              133   1000
              134   1000
              135   1000
              136   1000
              137   1000
              138   1000
              139   1000
              140   1000
              141   1000
              142   1000
              143   1000
              144   1000
              145   1000
              146   1000
              147   1000
              148   1000
              149   1000
              150   1000
              151   1000
              152   1000
              153   1000
              154   1000
              155   1000
              156   1000
              157   1000
              158   1000
              159   1000
              160   1224
              161   1224
              162   1224
              163   1224
              164   1224
              165   1224
              166   1224
              167   1224
              168   1224
              169   1224
              170   1224
              171   1224
              172   1224
              173   1224
              174   1224
              175   1224
              176   1224
              177   1224
              178   1224
              179   1224
              180   1224
              181   1224
              182   1224
              183   1224
              184   1224
              185   1224
              186   1224
              187   1224
              188   1224
              189   1224
              190   1224
              191   1224
              192   1224
              193   1224
              194   1224
              195   1224
              196   1414
              197   1414
              198   1414
              199   1414
              200   1414
              201   1414
              202   1414
              203   1414
              204   1414
              205   1414
              206   1414
              207   1414
              208   1414
              209   1414
              210   1414
              211   1414
              212   1414
              213   1414
              214   1414
              215   1414
              216   1414
              217   1414
              218   1414
              219   1414
              220   1414
              221   1414
              222   1414
              223   1581
              224   1581
              225   1581
              226   1581
              227   1581
              228   1581
              229   1581
              230   1581
              231   1581
              232   1581
              233   1581
              234   1581
              235   1581
              236   1581
              237   1581
              238   1581
              239   1581
              240   1581
              241   1581
              242   1581
              243   1581
              244   1581
              245   1732
              246   1732
              247   1732
              248   1732
              249   1732
              250   1732
              251   1732
              252   1732
              253   1732
              254   1732
              255   1732
              256   1732
              257   1732
              258   1732
              259   1732
              260   1732
              261   1732
              262   1732
;


param w:=     1   4
              2   19
              3   16
              4   2
              5   10
              6   10
              7   18
              8   9
              9   6
              10   9
              11   10
              12   8
              13   5
              14   3
              15   14
              16   14
              17   11
              18   17
              19   9
              20   15
              21   3
              22   1
              23   11
              24   17
              25   13
              26   20
              27   16
              28   12
              29   8
              30   17
              31   16
              32   8
              33   1
              34   18
              35   16
              36   11
              37   5
              38   17
              39   4
              40   4
              41   13
              42   4
              43   19
              44   17
              45   5
              46   2
              47   15
              48   7
              49   1
              50   20
              51   15
              52   18
              53   13
              54   9
              55   7
              56   17
              57   7
              58   6
              59   13
              60   19
              61   19
              62   2
              63   3
              64   20
              65   12
              66   15
              67   18
              68   15
              69   9
              70   15
              71   8
              72   14
              73   19
              74   12
              75   20
              76   6
              77   11
              78   18
              79   2
              80   9
              81   3
              82   9
              83   13
              84   8
              85   6
              86   18
              87   7
              88   6
              89   20
              90   5
              91   15
              92   15
              93   6
              94   16
              95   2
              96   8
              97   3
              98   15
              99   5
              100   15
              101   19
              102   15
              103   14
              104   13
              105   16
              106   8
              107   19
              108   7
              109   5
              110   3
              111   9
              112   13
              113   9
              114   4
              115   6
              116   1
              117   10
              118   13
              119   2
              120   4
              121   4
              122   6
              123   17
              124   19
              125   18
              126   6
              127   7
              128   10
              129   8
              130   5
              131   18
              132   15
              133   4
              134   20
              135   10
              136   13
              137   8
              138   2
              139   16
              140   1
              141   14
              142   5
              143   17
              144   7
              145   9
              146   2
              147   2
              148   6
              149   2
              150   14
              151   6
              152   12
              153   9
              154   7
              155   4
              156   2
              157   8
              158   3
              159   11
              160   14
              161   2
              162   9
              163   4
              164   14
              165   6
              166   13
              167   3
              168   4
              169   5
              170   3
              171   17
              172   20
              173   16
              174   20
              175   3
              176   19
              177   17
              178   4
              179   14
              180   1
              181   10
              182   18
              183   7
              184   13
              185   13
              186   12
              187   19
              188   11
              189   16
              190   17
              191   4
              192   2
              193   14
              194   3
              195   13
              196   6
              197   10
              198   17
              199   10
              200   18
              201   10
              202   20
              203   8
              204   13
              205   17
              206   8
              207   12
              208   1
              209   9
              210   18
              211   14
              212   5
              213   19
              214   13
              215   3
              216   12
              217   5
              218   1
              219   7
              220   8
              221   5
              222   17
              223   19
              224   7
              225   18
              226   3
              227   5
              228   1
              229   17
              230   18
              231   18
              232   17
              233   20
              234   8
              235   5
              236   8
              237   19
              238   18
              239   19
              240   13
              241   14
              242   7
              243   5
              244   12
              245   12
              246   19
              247   15
              248   3
              249   2
              250   9
              251   15
              252   15
              253   14
              254   11
              255   13
              256   3
              257   13
              258   5
              259   11
              260   12
              261   17
              262   12
              263   10
              264   8
              265   15
              266   8
              267   7
              268   14
              269   4
              270   13
              271   10
              272   2
              273   9
              274   14
              275   6
              276   4
              277   7
              278   19
              279   16
              280   9
              281   16
              282   9
              283   16
              284   19
              285   12
              286   12
              287   14
              288   3
              289   7
              290   12
              291   15
              292   15
              293   4
              294   19
              295   20
              296   12
              297   13
              298   11
              299   18
              300   5
              301   9
              302   14
              303   2
              304   11
              305   10
              306   16
              307   4
              308   4
              309   17
              310   13
              311   10
              312   9
              313   4
              314   16
              315   16
              316   14
              317   9
              318   18
              319   18
              320   8
              321   18
              322   13
              323   5
              324   15
              325   6
              326   19
              327   8
              328   4
              329   17
              330   2
              331   7
              332   3
              333   2
              334   15
              335   16
              336   13
              337   7
              338   13
              339   4
              340   4
              341   11
              342   10
              343   1
              344   15
              345   15
              346   12
              347   10
              348   2
              349   13
              350   2
              351   16
              352   4
              353   1
              354   10
              355   1
              356   5
              357   19
              358   4
              359   9
              360   16
              361   20
              362   3
              363   10
              364   4
              365   12
              366   16
              367   10
              368   12
              369   15
              370   20
              371   4
              372   13
              373   15
              374   4
              375   7
              376   4
              377   11
              378   4
              379   13
              380   17
              381   18
              382   7
              383   19
              384   7
              385   4
              386   13
              387   17
              388   13
              389   6
              390   6
              391   12
              392   7
              393   6
              394   14
              395   19
              396   12
              397   4
              398   4
              399   7
              400   20
              401   10
              402   6
              403   8
              404   10
              405   7
              406   20
              407   11
              408   11
              409   15
              410   12
              411   15
              412   13
              413   5
              414   12
              415   18
              416   9
              417   4
              418   19
              419   6
              420   5
              421   19
              422   18
              423   10
              424   15
              425   7
              426   2
              427   2
              428   16
              429   11
              430   10
              431   17
              432   7
              433   2
              434   2
              435   18
              436   15
              437   3
              438   19
              439   4
              440   2
              441   7
              442   13
              443   10
              444   18
              445   1
              446   2
              447   6
              448   19
              449   14
              450   16
              451   18
              452   5
              453   4
              454   5
              455   11
              456   9
              457   5
              458   15
              459   1
              460   2
              461   8
              462   18
              463   4
              464   17
              465   20
              466   16
              467   11
              468   8
              469   14
              470   19
              471   5
              472   8
              473   14
              474   16
              475   18
              476   7
              477   9
              478   18
              479   4
              480   6
              481   20
              482   3
              483   14
              484   18
              485   1
              486   13
              487   14
              488   6
              489   7
              490   15
              491   5
              492   16
              493   3
              494   10
              495   18
              496   7
              497   18
              498   5
              499   8
              500   14
;

