set I := 1 2 3 4 5 6 7 8 9 10 11 12 13 14 15 16 17 18 19 20 21 22 23 24 25 26 27 28 29 30 31 32 33 34 35 36 37 38 39 40 41 42 43 44 45 46 47 48 49 50 51 52 53 54 55 ;

set J := 1 2 3 4 5 6 7 8 9 10 11 12 13 14 15 16 17 18 19 20 21 22 23 24 25 26 27 28 29 30 31 32 33 34 35 36 37 38 39 40 41 42 43 44 45 46 47 48 49 50 51 52 53 54 55 56 57 58 59 60 61 62 63 64 65 66 67 68 69 70 71 72 73 74 75 76 77 78 79 80 81 82 83 84 85 86 87 88 89 90 91 92 93 94 95 96 97 98 99 100 ;

param b:=     1   60
              2   65
              3   70
              4   75
              5   80
              6   85
              7   90
              8   95
              9   100
              10   105
              11   110
              12   115
              13   120
              14   125
              15   130
              16   135
              17   140
              18   145
              19   150
              20   155
              21   160
              22   165
              23   170
              24   175
              25   180
              26   185
              27   190
              28   195
              29   200
              30   205
              31   210
              32   215
              33   220
              34   225
              35   230
              36   235
              37   240
              38   245
              39   250
              40   255
              41   260
              42   265
              43   270
              44   275
              45   280
              46   285
              47   290
              48   295
              49   300
              50   305
              51   310
              52   315
              53   320
              54   325
              55   330
;


param f:=     1   774
              2   806
              3   836
              4   866
              5   894
              6   921
              7   948
              8   974
              9   1000
              10   1024
              11   1048
              12   1072
              13   1095
              14   1118
              15   1140
              16   1161
              17   1183
              18   1204
              19   1224
              20   1244
              21   1264
              22   1284
              23   1303
              24   1322
              25   1341
              26   1360
              27   1378
              28   1396
              29   1414
              30   1431
              31   1449
              32   1466
              33   1483
              34   1500
              35   1516
              36   1532
              37   1549
              38   1565
              39   1581
              40   1596
              41   1612
              42   1627
              43   1643
              44   1658
              45   1673
              46   1688
              47   1702
              48   1717
              49   1732
              50   1746
              51   1760
              52   1774
              53   1788
              54   1802
              55   1816
;


param w:=     1   11
              2   18
              3   17
              4   15
              5   3
              6   19
              7   9
              8   19
              9   12
              10   7
              11   2
              12   18
              13   6
              14   17
              15   14
              16   8
              17   11
              18   4
              19   10
              20   17
              21   12
              22   6
              23   11
              24   13
              25   9
              26   9
              27   16
              28   19
              29   8
              30   4
              31   5
              32   9
              33   15
              34   13
              35   16
              36   20
              37   13
              38   8
              39   11
              40   5
              41   4
              42   12
              43   8
              44   7
              45   10
              46   19
              47   7
              48   16
              49   17
              50   5
              51   3
              52   6
              53   3
              54   9
              55   16
              56   19
              57   5
              58   19
              59   16
              60   7
              61   8
              62   7
              63   19
              64   8
              65   16
              66   16
              67   17
              68   12
              69   9
              70   8
              71   5
              72   7
              73   12
              74   2
              75   7
              76   15
              77   20
              78   8
              79   19
              80   8
              81   4
              82   18
              83   14
              84   4
              85   7
              86   12
              87   4
              88   12
              89   5
              90   7
              91   3
              92   9
              93   4
              94   16
              95   4
              96   3
              97   9
              98   19
              99   10
              100   6
;

