set I := 1 2 3 4 5 6 7 8 9 10 11 12 13 14 15 16 17 18 19 20 21 ;

set J := 1 2 3 4 5 6 7 8 9 10 11 12 13 14 15 16 17 18 19 20 21 22 23 24 25 26 27 28 29 30 31 32 33 34 35 36 37 38 39 40 41 42 43 44 45 46 47 48 49 50 51 52 53 54 55 56 57 58 59 60 61 62 63 64 65 66 67 68 69 70 71 72 73 74 75 76 77 78 79 80 81 82 83 84 85 86 87 88 89 90 91 92 93 94 95 96 97 98 99 100 ;

param b:=     1   100
              2   100
              3   100
              4   100
              5   100
              6   100
              7   100
              8   100
              9   100
              10   100
              11   100
              12   200
              13   200
              14   200
              15   200
              16   200
              17   200
              18   300
              19   300
              20   300
              21   300
;


param f:=     1   1000
              2   1000
              3   1000
              4   1000
              5   1000
              6   1000
              7   1000
              8   1000
              9   1000
              10   1000
              11   1000
              12   1414
              13   1414
              14   1414
              15   1414
              16   1414
              17   1414
              18   1732
              19   1732
              20   1732
              21   1732
;


param w:=     1   11
              2   18
              3   17
              4   15
              5   3
              6   19
              7   9
              8   19
              9   12
              10   7
              11   2
              12   18
              13   6
              14   17
              15   14
              16   8
              17   11
              18   4
              19   10
              20   17
              21   12
              22   6
              23   11
              24   13
              25   9
              26   9
              27   16
              28   19
              29   8
              30   4
              31   5
              32   9
              33   15
              34   13
              35   16
              36   20
              37   13
              38   8
              39   11
              40   5
              41   4
              42   12
              43   8
              44   7
              45   10
              46   19
              47   7
              48   16
              49   17
              50   5
              51   3
              52   6
              53   3
              54   9
              55   16
              56   19
              57   5
              58   19
              59   16
              60   7
              61   8
              62   7
              63   19
              64   8
              65   16
              66   16
              67   17
              68   12
              69   9
              70   8
              71   5
              72   7
              73   12
              74   2
              75   7
              76   15
              77   20
              78   8
              79   19
              80   8
              81   4
              82   18
              83   14
              84   4
              85   7
              86   12
              87   4
              88   12
              89   5
              90   7
              91   3
              92   9
              93   4
              94   16
              95   4
              96   3
              97   9
              98   19
              99   10
              100   6
;

