set I := 1 2 3 4 5 6 7 8 9 10 11 12 13 14 15 16 17 18 19 20 21 22 23 24 25 26 27 28 29 30 31 32 33 34 35 36 37 38 39 40 41 42 43 44 45 46 47 48 49 50 51 52 53 54 55 56 57 58 59 60 61 62 63 64 65 66 67 68 69 70 71 72 73 74 75 76 77 78 79 80 81 82 83 84 85 86 87 88 89 90 91 92 93 94 95 96 97 98 99 100 101 102 103 104 105 106 107 108 109 110 111 112 113 114 115 116 117 118 119 120 121 122 123 124 125 126 127 128 129 130 131 132 133 134 135 136 137 138 139 ;

set J := 1 2 3 4 5 6 7 8 9 10 11 12 13 14 15 16 17 18 19 20 21 22 23 24 25 26 27 28 29 30 31 32 33 34 35 36 37 38 39 40 41 42 43 44 45 46 47 48 49 50 51 52 53 54 55 56 57 58 59 60 61 62 63 64 65 66 67 68 69 70 71 72 73 74 75 76 77 78 79 80 81 82 83 84 85 86 87 88 89 90 91 92 93 94 95 96 97 98 99 100 ;

param b:=     1   25
              2   25
              3   25
              4   25
              5   25
              6   25
              7   25
              8   25
              9   25
              10   25
              11   25
              12   25
              13   25
              14   25
              15   25
              16   25
              17   25
              18   25
              19   25
              20   25
              21   25
              22   25
              23   25
              24   25
              25   25
              26   25
              27   25
              28   25
              29   25
              30   25
              31   25
              32   25
              33   25
              34   25
              35   25
              36   25
              37   25
              38   25
              39   25
              40   25
              41   25
              42   25
              43   25
              44   50
              45   50
              46   50
              47   50
              48   50
              49   50
              50   50
              51   50
              52   50
              53   50
              54   50
              55   50
              56   50
              57   50
              58   50
              59   50
              60   50
              61   50
              62   50
              63   50
              64   50
              65   50
              66   75
              67   75
              68   75
              69   75
              70   75
              71   75
              72   75
              73   75
              74   75
              75   75
              76   75
              77   75
              78   75
              79   75
              80   75
              81   100
              82   100
              83   100
              84   100
              85   100
              86   100
              87   100
              88   100
              89   100
              90   100
              91   100
              92   125
              93   125
              94   125
              95   125
              96   125
              97   125
              98   125
              99   125
              100   125
              101   150
              102   150
              103   150
              104   150
              105   150
              106   150
              107   150
              108   150
              109   175
              110   175
              111   175
              112   175
              113   175
              114   175
              115   175
              116   200
              117   200
              118   200
              119   200
              120   200
              121   200
              122   225
              123   225
              124   225
              125   225
              126   225
              127   250
              128   250
              129   250
              130   250
              131   250
              132   275
              133   275
              134   275
              135   275
              136   300
              137   300
              138   300
              139   300
;


param f:=     1   500
              2   500
              3   500
              4   500
              5   500
              6   500
              7   500
              8   500
              9   500
              10   500
              11   500
              12   500
              13   500
              14   500
              15   500
              16   500
              17   500
              18   500
              19   500
              20   500
              21   500
              22   500
              23   500
              24   500
              25   500
              26   500
              27   500
              28   500
              29   500
              30   500
              31   500
              32   500
              33   500
              34   500
              35   500
              36   500
              37   500
              38   500
              39   500
              40   500
              41   500
              42   500
              43   500
              44   707
              45   707
              46   707
              47   707
              48   707
              49   707
              50   707
              51   707
              52   707
              53   707
              54   707
              55   707
              56   707
              57   707
              58   707
              59   707
              60   707
              61   707
              62   707
              63   707
              64   707
              65   707
              66   866
              67   866
              68   866
              69   866
              70   866
              71   866
              72   866
              73   866
              74   866
              75   866
              76   866
              77   866
              78   866
              79   866
              80   866
              81   1000
              82   1000
              83   1000
              84   1000
              85   1000
              86   1000
              87   1000
              88   1000
              89   1000
              90   1000
              91   1000
              92   1118
              93   1118
              94   1118
              95   1118
              96   1118
              97   1118
              98   1118
              99   1118
              100   1118
              101   1224
              102   1224
              103   1224
              104   1224
              105   1224
              106   1224
              107   1224
              108   1224
              109   1322
              110   1322
              111   1322
              112   1322
              113   1322
              114   1322
              115   1322
              116   1414
              117   1414
              118   1414
              119   1414
              120   1414
              121   1414
              122   1500
              123   1500
              124   1500
              125   1500
              126   1500
              127   1581
              128   1581
              129   1581
              130   1581
              131   1581
              132   1658
              133   1658
              134   1658
              135   1658
              136   1732
              137   1732
              138   1732
              139   1732
;


param w:=     1   11
              2   18
              3   17
              4   15
              5   3
              6   19
              7   9
              8   19
              9   12
              10   7
              11   2
              12   18
              13   6
              14   17
              15   14
              16   8
              17   11
              18   4
              19   10
              20   17
              21   12
              22   6
              23   11
              24   13
              25   9
              26   9
              27   16
              28   19
              29   8
              30   4
              31   5
              32   9
              33   15
              34   13
              35   16
              36   20
              37   13
              38   8
              39   11
              40   5
              41   4
              42   12
              43   8
              44   7
              45   10
              46   19
              47   7
              48   16
              49   17
              50   5
              51   3
              52   6
              53   3
              54   9
              55   16
              56   19
              57   5
              58   19
              59   16
              60   7
              61   8
              62   7
              63   19
              64   8
              65   16
              66   16
              67   17
              68   12
              69   9
              70   8
              71   5
              72   7
              73   12
              74   2
              75   7
              76   15
              77   20
              78   8
              79   19
              80   8
              81   4
              82   18
              83   14
              84   4
              85   7
              86   12
              87   4
              88   12
              89   5
              90   7
              91   3
              92   9
              93   4
              94   16
              95   4
              96   3
              97   9
              98   19
              99   10
              100   6
;

