set I := 1 2 3 4 5 6 7 8 9 10 11 12 13 14 15 16 17 18 19 20 21 22 23 24 25 26 27 28 29 30 31 32 33 34 35 36 37 38 39 40 41 42 43 44 45 46 47 48 49 50 51 52 53 54 55 56 57 58 59 60 61 62 63 64 65 66 67 68 69 70 71 72 73 74 75 76 77 78 79 80 81 82 83 84 85 86 87 88 89 90 91 92 93 94 95 96 97 98 99 100 101 102 103 104 105 106 107 108 109 110 111 112 113 114 115 116 117 118 119 120 121 122 123 124 125 126 127 128 129 130 131 132 133 134 135 136 137 138 139 140 141 142 143 144 145 146 147 148 149 150 151 152 153 154 155 156 157 158 159 160 161 162 163 164 165 166 167 168 169 170 171 172 173 174 175 176 177 178 179 180 181 182 183 184 185 186 187 188 189 190 191 192 193 194 195 196 197 198 199 200 201 202 203 204 205 206 207 208 209 210 211 212 213 214 215 216 217 218 219 220 221 222 223 224 225 226 227 228 229 230 231 232 233 234 235 236 237 238 239 240 241 242 243 244 245 246 247 248 249 250 251 252 253 254 255 256 257 258 259 260 261 262 263 264 265 266 267 268 269 270 271 272 273 274 275 276 277 278 279 280 281 282 283 284 285 286 287 288 289 290 291 292 293 294 295 296 297 298 299 300 301 302 303 304 305 306 307 308 309 310 311 312 313 314 315 316 317 318 319 320 321 322 323 324 325 326 327 328 329 330 331 332 333 334 335 336 337 338 339 340 341 342 343 344 345 346 347 348 349 350 351 352 353 354 355 356 357 358 359 360 361 362 363 364 365 366 367 368 369 370 371 372 373 374 375 376 377 378 379 380 381 382 383 384 385 386 387 388 389 390 391 392 393 394 395 396 397 398 399 400 401 402 403 404 405 406 407 408 409 410 411 412 413 414 415 416 417 418 419 420 421 422 423 424 425 426 427 428 429 430 431 432 433 434 435 436 437 438 439 440 441 442 443 444 445 446 447 448 449 450 451 452 453 454 455 456 457 458 459 460 461 462 463 464 465 466 467 468 469 470 471 472 473 474 475 476 477 478 479 480 481 482 483 484 485 486 487 488 489 490 491 492 493 494 495 496 497 498 499 500 501 502 503 504 505 506 507 508 509 510 511 512 513 514 515 516 517 518 519 520 521 522 523 524 525 526 527 528 529 530 531 532 533 534 535 536 537 538 539 540 541 542 543 544 545 546 547 548 549 550 551 552 553 554 555 556 557 558 559 560 561 562 563 564 565 566 567 568 569 570 571 572 573 574 575 576 577 578 579 580 581 582 583 584 585 586 587 588 589 590 591 592 593 594 595 596 597 598 599 600 601 602 603 604 605 606 607 608 609 610 611 612 613 614 615 616 617 618 619 620 621 622 623 624 625 626 627 628 629 630 631 632 633 634 635 636 637 638 639 640 641 642 643 644 645 646 647 648 649 650 651 652 653 654 655 656 657 658 659 660 661 662 ;

set J := 1 2 3 4 5 6 7 8 9 10 11 12 13 14 15 16 17 18 19 20 21 22 23 24 25 26 27 28 29 30 31 32 33 34 35 36 37 38 39 40 41 42 43 44 45 46 47 48 49 50 51 52 53 54 55 56 57 58 59 60 61 62 63 64 65 66 67 68 69 70 71 72 73 74 75 76 77 78 79 80 81 82 83 84 85 86 87 88 89 90 91 92 93 94 95 96 97 98 99 100 101 102 103 104 105 106 107 108 109 110 111 112 113 114 115 116 117 118 119 120 121 122 123 124 125 126 127 128 129 130 131 132 133 134 135 136 137 138 139 140 141 142 143 144 145 146 147 148 149 150 151 152 153 154 155 156 157 158 159 160 161 162 163 164 165 166 167 168 169 170 171 172 173 174 175 176 177 178 179 180 181 182 183 184 185 186 187 188 189 190 191 192 193 194 195 196 197 198 199 200 201 202 203 204 205 206 207 208 209 210 211 212 213 214 215 216 217 218 219 220 221 222 223 224 225 226 227 228 229 230 231 232 233 234 235 236 237 238 239 240 241 242 243 244 245 246 247 248 249 250 251 252 253 254 255 256 257 258 259 260 261 262 263 264 265 266 267 268 269 270 271 272 273 274 275 276 277 278 279 280 281 282 283 284 285 286 287 288 289 290 291 292 293 294 295 296 297 298 299 300 301 302 303 304 305 306 307 308 309 310 311 312 313 314 315 316 317 318 319 320 321 322 323 324 325 326 327 328 329 330 331 332 333 334 335 336 337 338 339 340 341 342 343 344 345 346 347 348 349 350 351 352 353 354 355 356 357 358 359 360 361 362 363 364 365 366 367 368 369 370 371 372 373 374 375 376 377 378 379 380 381 382 383 384 385 386 387 388 389 390 391 392 393 394 395 396 397 398 399 400 401 402 403 404 405 406 407 408 409 410 411 412 413 414 415 416 417 418 419 420 421 422 423 424 425 426 427 428 429 430 431 432 433 434 435 436 437 438 439 440 441 442 443 444 445 446 447 448 449 450 451 452 453 454 455 456 457 458 459 460 461 462 463 464 465 466 467 468 469 470 471 472 473 474 475 476 477 478 479 480 481 482 483 484 485 486 487 488 489 490 491 492 493 494 495 496 497 498 499 500 ;

param b:=     1   25
              2   25
              3   25
              4   25
              5   25
              6   25
              7   25
              8   25
              9   25
              10   25
              11   25
              12   25
              13   25
              14   25
              15   25
              16   25
              17   25
              18   25
              19   25
              20   25
              21   25
              22   25
              23   25
              24   25
              25   25
              26   25
              27   25
              28   25
              29   25
              30   25
              31   25
              32   25
              33   25
              34   25
              35   25
              36   25
              37   25
              38   25
              39   25
              40   25
              41   25
              42   25
              43   25
              44   25
              45   25
              46   25
              47   25
              48   25
              49   25
              50   25
              51   25
              52   25
              53   25
              54   25
              55   25
              56   25
              57   25
              58   25
              59   25
              60   25
              61   25
              62   25
              63   25
              64   25
              65   25
              66   25
              67   25
              68   25
              69   25
              70   25
              71   25
              72   25
              73   25
              74   25
              75   25
              76   25
              77   25
              78   25
              79   25
              80   25
              81   25
              82   25
              83   25
              84   25
              85   25
              86   25
              87   25
              88   25
              89   25
              90   25
              91   25
              92   25
              93   25
              94   25
              95   25
              96   25
              97   25
              98   25
              99   25
              100   25
              101   25
              102   25
              103   25
              104   25
              105   25
              106   25
              107   25
              108   25
              109   25
              110   25
              111   25
              112   25
              113   25
              114   25
              115   25
              116   25
              117   25
              118   25
              119   25
              120   25
              121   25
              122   25
              123   25
              124   25
              125   25
              126   25
              127   25
              128   25
              129   25
              130   25
              131   25
              132   25
              133   25
              134   25
              135   25
              136   25
              137   25
              138   25
              139   25
              140   25
              141   25
              142   25
              143   25
              144   25
              145   25
              146   25
              147   25
              148   25
              149   25
              150   25
              151   25
              152   25
              153   25
              154   25
              155   25
              156   25
              157   25
              158   25
              159   25
              160   25
              161   25
              162   25
              163   25
              164   25
              165   25
              166   25
              167   25
              168   25
              169   25
              170   25
              171   25
              172   25
              173   25
              174   25
              175   25
              176   25
              177   25
              178   25
              179   25
              180   25
              181   25
              182   25
              183   25
              184   25
              185   25
              186   25
              187   25
              188   25
              189   25
              190   25
              191   25
              192   25
              193   25
              194   25
              195   25
              196   25
              197   25
              198   25
              199   25
              200   25
              201   25
              202   25
              203   25
              204   25
              205   25
              206   25
              207   25
              208   25
              209   25
              210   25
              211   25
              212   50
              213   50
              214   50
              215   50
              216   50
              217   50
              218   50
              219   50
              220   50
              221   50
              222   50
              223   50
              224   50
              225   50
              226   50
              227   50
              228   50
              229   50
              230   50
              231   50
              232   50
              233   50
              234   50
              235   50
              236   50
              237   50
              238   50
              239   50
              240   50
              241   50
              242   50
              243   50
              244   50
              245   50
              246   50
              247   50
              248   50
              249   50
              250   50
              251   50
              252   50
              253   50
              254   50
              255   50
              256   50
              257   50
              258   50
              259   50
              260   50
              261   50
              262   50
              263   50
              264   50
              265   50
              266   50
              267   50
              268   50
              269   50
              270   50
              271   50
              272   50
              273   50
              274   50
              275   50
              276   50
              277   50
              278   50
              279   50
              280   50
              281   50
              282   50
              283   50
              284   50
              285   50
              286   50
              287   50
              288   50
              289   50
              290   50
              291   50
              292   50
              293   50
              294   50
              295   50
              296   50
              297   50
              298   50
              299   50
              300   50
              301   50
              302   50
              303   50
              304   50
              305   50
              306   50
              307   50
              308   50
              309   50
              310   50
              311   50
              312   50
              313   50
              314   50
              315   50
              316   50
              317   50
              318   75
              319   75
              320   75
              321   75
              322   75
              323   75
              324   75
              325   75
              326   75
              327   75
              328   75
              329   75
              330   75
              331   75
              332   75
              333   75
              334   75
              335   75
              336   75
              337   75
              338   75
              339   75
              340   75
              341   75
              342   75
              343   75
              344   75
              345   75
              346   75
              347   75
              348   75
              349   75
              350   75
              351   75
              352   75
              353   75
              354   75
              355   75
              356   75
              357   75
              358   75
              359   75
              360   75
              361   75
              362   75
              363   75
              364   75
              365   75
              366   75
              367   75
              368   75
              369   75
              370   75
              371   75
              372   75
              373   75
              374   75
              375   75
              376   75
              377   75
              378   75
              379   75
              380   75
              381   75
              382   75
              383   75
              384   75
              385   75
              386   75
              387   75
              388   75
              389   100
              390   100
              391   100
              392   100
              393   100
              394   100
              395   100
              396   100
              397   100
              398   100
              399   100
              400   100
              401   100
              402   100
              403   100
              404   100
              405   100
              406   100
              407   100
              408   100
              409   100
              410   100
              411   100
              412   100
              413   100
              414   100
              415   100
              416   100
              417   100
              418   100
              419   100
              420   100
              421   100
              422   100
              423   100
              424   100
              425   100
              426   100
              427   100
              428   100
              429   100
              430   100
              431   100
              432   100
              433   100
              434   100
              435   100
              436   100
              437   100
              438   100
              439   100
              440   100
              441   100
              442   125
              443   125
              444   125
              445   125
              446   125
              447   125
              448   125
              449   125
              450   125
              451   125
              452   125
              453   125
              454   125
              455   125
              456   125
              457   125
              458   125
              459   125
              460   125
              461   125
              462   125
              463   125
              464   125
              465   125
              466   125
              467   125
              468   125
              469   125
              470   125
              471   125
              472   125
              473   125
              474   125
              475   125
              476   125
              477   125
              478   125
              479   125
              480   125
              481   125
              482   125
              483   125
              484   125
              485   150
              486   150
              487   150
              488   150
              489   150
              490   150
              491   150
              492   150
              493   150
              494   150
              495   150
              496   150
              497   150
              498   150
              499   150
              500   150
              501   150
              502   150
              503   150
              504   150
              505   150
              506   150
              507   150
              508   150
              509   150
              510   150
              511   150
              512   150
              513   150
              514   150
              515   150
              516   150
              517   150
              518   150
              519   150
              520   150
              521   175
              522   175
              523   175
              524   175
              525   175
              526   175
              527   175
              528   175
              529   175
              530   175
              531   175
              532   175
              533   175
              534   175
              535   175
              536   175
              537   175
              538   175
              539   175
              540   175
              541   175
              542   175
              543   175
              544   175
              545   175
              546   175
              547   175
              548   175
              549   175
              550   175
              551   175
              552   200
              553   200
              554   200
              555   200
              556   200
              557   200
              558   200
              559   200
              560   200
              561   200
              562   200
              563   200
              564   200
              565   200
              566   200
              567   200
              568   200
              569   200
              570   200
              571   200
              572   200
              573   200
              574   200
              575   200
              576   200
              577   200
              578   200
              579   225
              580   225
              581   225
              582   225
              583   225
              584   225
              585   225
              586   225
              587   225
              588   225
              589   225
              590   225
              591   225
              592   225
              593   225
              594   225
              595   225
              596   225
              597   225
              598   225
              599   225
              600   225
              601   225
              602   225
              603   250
              604   250
              605   250
              606   250
              607   250
              608   250
              609   250
              610   250
              611   250
              612   250
              613   250
              614   250
              615   250
              616   250
              617   250
              618   250
              619   250
              620   250
              621   250
              622   250
              623   250
              624   250
              625   275
              626   275
              627   275
              628   275
              629   275
              630   275
              631   275
              632   275
              633   275
              634   275
              635   275
              636   275
              637   275
              638   275
              639   275
              640   275
              641   275
              642   275
              643   275
              644   275
              645   300
              646   300
              647   300
              648   300
              649   300
              650   300
              651   300
              652   300
              653   300
              654   300
              655   300
              656   300
              657   300
              658   300
              659   300
              660   300
              661   300
              662   300
;


param f:=     1   500
              2   500
              3   500
              4   500
              5   500
              6   500
              7   500
              8   500
              9   500
              10   500
              11   500
              12   500
              13   500
              14   500
              15   500
              16   500
              17   500
              18   500
              19   500
              20   500
              21   500
              22   500
              23   500
              24   500
              25   500
              26   500
              27   500
              28   500
              29   500
              30   500
              31   500
              32   500
              33   500
              34   500
              35   500
              36   500
              37   500
              38   500
              39   500
              40   500
              41   500
              42   500
              43   500
              44   500
              45   500
              46   500
              47   500
              48   500
              49   500
              50   500
              51   500
              52   500
              53   500
              54   500
              55   500
              56   500
              57   500
              58   500
              59   500
              60   500
              61   500
              62   500
              63   500
              64   500
              65   500
              66   500
              67   500
              68   500
              69   500
              70   500
              71   500
              72   500
              73   500
              74   500
              75   500
              76   500
              77   500
              78   500
              79   500
              80   500
              81   500
              82   500
              83   500
              84   500
              85   500
              86   500
              87   500
              88   500
              89   500
              90   500
              91   500
              92   500
              93   500
              94   500
              95   500
              96   500
              97   500
              98   500
              99   500
              100   500
              101   500
              102   500
              103   500
              104   500
              105   500
              106   500
              107   500
              108   500
              109   500
              110   500
              111   500
              112   500
              113   500
              114   500
              115   500
              116   500
              117   500
              118   500
              119   500
              120   500
              121   500
              122   500
              123   500
              124   500
              125   500
              126   500
              127   500
              128   500
              129   500
              130   500
              131   500
              132   500
              133   500
              134   500
              135   500
              136   500
              137   500
              138   500
              139   500
              140   500
              141   500
              142   500
              143   500
              144   500
              145   500
              146   500
              147   500
              148   500
              149   500
              150   500
              151   500
              152   500
              153   500
              154   500
              155   500
              156   500
              157   500
              158   500
              159   500
              160   500
              161   500
              162   500
              163   500
              164   500
              165   500
              166   500
              167   500
              168   500
              169   500
              170   500
              171   500
              172   500
              173   500
              174   500
              175   500
              176   500
              177   500
              178   500
              179   500
              180   500
              181   500
              182   500
              183   500
              184   500
              185   500
              186   500
              187   500
              188   500
              189   500
              190   500
              191   500
              192   500
              193   500
              194   500
              195   500
              196   500
              197   500
              198   500
              199   500
              200   500
              201   500
              202   500
              203   500
              204   500
              205   500
              206   500
              207   500
              208   500
              209   500
              210   500
              211   500
              212   707
              213   707
              214   707
              215   707
              216   707
              217   707
              218   707
              219   707
              220   707
              221   707
              222   707
              223   707
              224   707
              225   707
              226   707
              227   707
              228   707
              229   707
              230   707
              231   707
              232   707
              233   707
              234   707
              235   707
              236   707
              237   707
              238   707
              239   707
              240   707
              241   707
              242   707
              243   707
              244   707
              245   707
              246   707
              247   707
              248   707
              249   707
              250   707
              251   707
              252   707
              253   707
              254   707
              255   707
              256   707
              257   707
              258   707
              259   707
              260   707
              261   707
              262   707
              263   707
              264   707
              265   707
              266   707
              267   707
              268   707
              269   707
              270   707
              271   707
              272   707
              273   707
              274   707
              275   707
              276   707
              277   707
              278   707
              279   707
              280   707
              281   707
              282   707
              283   707
              284   707
              285   707
              286   707
              287   707
              288   707
              289   707
              290   707
              291   707
              292   707
              293   707
              294   707
              295   707
              296   707
              297   707
              298   707
              299   707
              300   707
              301   707
              302   707
              303   707
              304   707
              305   707
              306   707
              307   707
              308   707
              309   707
              310   707
              311   707
              312   707
              313   707
              314   707
              315   707
              316   707
              317   707
              318   866
              319   866
              320   866
              321   866
              322   866
              323   866
              324   866
              325   866
              326   866
              327   866
              328   866
              329   866
              330   866
              331   866
              332   866
              333   866
              334   866
              335   866
              336   866
              337   866
              338   866
              339   866
              340   866
              341   866
              342   866
              343   866
              344   866
              345   866
              346   866
              347   866
              348   866
              349   866
              350   866
              351   866
              352   866
              353   866
              354   866
              355   866
              356   866
              357   866
              358   866
              359   866
              360   866
              361   866
              362   866
              363   866
              364   866
              365   866
              366   866
              367   866
              368   866
              369   866
              370   866
              371   866
              372   866
              373   866
              374   866
              375   866
              376   866
              377   866
              378   866
              379   866
              380   866
              381   866
              382   866
              383   866
              384   866
              385   866
              386   866
              387   866
              388   866
              389   1000
              390   1000
              391   1000
              392   1000
              393   1000
              394   1000
              395   1000
              396   1000
              397   1000
              398   1000
              399   1000
              400   1000
              401   1000
              402   1000
              403   1000
              404   1000
              405   1000
              406   1000
              407   1000
              408   1000
              409   1000
              410   1000
              411   1000
              412   1000
              413   1000
              414   1000
              415   1000
              416   1000
              417   1000
              418   1000
              419   1000
              420   1000
              421   1000
              422   1000
              423   1000
              424   1000
              425   1000
              426   1000
              427   1000
              428   1000
              429   1000
              430   1000
              431   1000
              432   1000
              433   1000
              434   1000
              435   1000
              436   1000
              437   1000
              438   1000
              439   1000
              440   1000
              441   1000
              442   1118
              443   1118
              444   1118
              445   1118
              446   1118
              447   1118
              448   1118
              449   1118
              450   1118
              451   1118
              452   1118
              453   1118
              454   1118
              455   1118
              456   1118
              457   1118
              458   1118
              459   1118
              460   1118
              461   1118
              462   1118
              463   1118
              464   1118
              465   1118
              466   1118
              467   1118
              468   1118
              469   1118
              470   1118
              471   1118
              472   1118
              473   1118
              474   1118
              475   1118
              476   1118
              477   1118
              478   1118
              479   1118
              480   1118
              481   1118
              482   1118
              483   1118
              484   1118
              485   1224
              486   1224
              487   1224
              488   1224
              489   1224
              490   1224
              491   1224
              492   1224
              493   1224
              494   1224
              495   1224
              496   1224
              497   1224
              498   1224
              499   1224
              500   1224
              501   1224
              502   1224
              503   1224
              504   1224
              505   1224
              506   1224
              507   1224
              508   1224
              509   1224
              510   1224
              511   1224
              512   1224
              513   1224
              514   1224
              515   1224
              516   1224
              517   1224
              518   1224
              519   1224
              520   1224
              521   1322
              522   1322
              523   1322
              524   1322
              525   1322
              526   1322
              527   1322
              528   1322
              529   1322
              530   1322
              531   1322
              532   1322
              533   1322
              534   1322
              535   1322
              536   1322
              537   1322
              538   1322
              539   1322
              540   1322
              541   1322
              542   1322
              543   1322
              544   1322
              545   1322
              546   1322
              547   1322
              548   1322
              549   1322
              550   1322
              551   1322
              552   1414
              553   1414
              554   1414
              555   1414
              556   1414
              557   1414
              558   1414
              559   1414
              560   1414
              561   1414
              562   1414
              563   1414
              564   1414
              565   1414
              566   1414
              567   1414
              568   1414
              569   1414
              570   1414
              571   1414
              572   1414
              573   1414
              574   1414
              575   1414
              576   1414
              577   1414
              578   1414
              579   1500
              580   1500
              581   1500
              582   1500
              583   1500
              584   1500
              585   1500
              586   1500
              587   1500
              588   1500
              589   1500
              590   1500
              591   1500
              592   1500
              593   1500
              594   1500
              595   1500
              596   1500
              597   1500
              598   1500
              599   1500
              600   1500
              601   1500
              602   1500
              603   1581
              604   1581
              605   1581
              606   1581
              607   1581
              608   1581
              609   1581
              610   1581
              611   1581
              612   1581
              613   1581
              614   1581
              615   1581
              616   1581
              617   1581
              618   1581
              619   1581
              620   1581
              621   1581
              622   1581
              623   1581
              624   1581
              625   1658
              626   1658
              627   1658
              628   1658
              629   1658
              630   1658
              631   1658
              632   1658
              633   1658
              634   1658
              635   1658
              636   1658
              637   1658
              638   1658
              639   1658
              640   1658
              641   1658
              642   1658
              643   1658
              644   1658
              645   1732
              646   1732
              647   1732
              648   1732
              649   1732
              650   1732
              651   1732
              652   1732
              653   1732
              654   1732
              655   1732
              656   1732
              657   1732
              658   1732
              659   1732
              660   1732
              661   1732
              662   1732
;


param w:=     1   4
              2   19
              3   16
              4   2
              5   10
              6   10
              7   18
              8   9
              9   6
              10   9
              11   10
              12   8
              13   5
              14   3
              15   14
              16   14
              17   11
              18   17
              19   9
              20   15
              21   3
              22   1
              23   11
              24   17
              25   13
              26   20
              27   16
              28   12
              29   8
              30   17
              31   16
              32   8
              33   1
              34   18
              35   16
              36   11
              37   5
              38   17
              39   4
              40   4
              41   13
              42   4
              43   19
              44   17
              45   5
              46   2
              47   15
              48   7
              49   1
              50   20
              51   15
              52   18
              53   13
              54   9
              55   7
              56   17
              57   7
              58   6
              59   13
              60   19
              61   19
              62   2
              63   3
              64   20
              65   12
              66   15
              67   18
              68   15
              69   9
              70   15
              71   8
              72   14
              73   19
              74   12
              75   20
              76   6
              77   11
              78   18
              79   2
              80   9
              81   3
              82   9
              83   13
              84   8
              85   6
              86   18
              87   7
              88   6
              89   20
              90   5
              91   15
              92   15
              93   6
              94   16
              95   2
              96   8
              97   3
              98   15
              99   5
              100   15
              101   19
              102   15
              103   14
              104   13
              105   16
              106   8
              107   19
              108   7
              109   5
              110   3
              111   9
              112   13
              113   9
              114   4
              115   6
              116   1
              117   10
              118   13
              119   2
              120   4
              121   4
              122   6
              123   17
              124   19
              125   18
              126   6
              127   7
              128   10
              129   8
              130   5
              131   18
              132   15
              133   4
              134   20
              135   10
              136   13
              137   8
              138   2
              139   16
              140   1
              141   14
              142   5
              143   17
              144   7
              145   9
              146   2
              147   2
              148   6
              149   2
              150   14
              151   6
              152   12
              153   9
              154   7
              155   4
              156   2
              157   8
              158   3
              159   11
              160   14
              161   2
              162   9
              163   4
              164   14
              165   6
              166   13
              167   3
              168   4
              169   5
              170   3
              171   17
              172   20
              173   16
              174   20
              175   3
              176   19
              177   17
              178   4
              179   14
              180   1
              181   10
              182   18
              183   7
              184   13
              185   13
              186   12
              187   19
              188   11
              189   16
              190   17
              191   4
              192   2
              193   14
              194   3
              195   13
              196   6
              197   10
              198   17
              199   10
              200   18
              201   10
              202   20
              203   8
              204   13
              205   17
              206   8
              207   12
              208   1
              209   9
              210   18
              211   14
              212   5
              213   19
              214   13
              215   3
              216   12
              217   5
              218   1
              219   7
              220   8
              221   5
              222   17
              223   19
              224   7
              225   18
              226   3
              227   5
              228   1
              229   17
              230   18
              231   18
              232   17
              233   20
              234   8
              235   5
              236   8
              237   19
              238   18
              239   19
              240   13
              241   14
              242   7
              243   5
              244   12
              245   12
              246   19
              247   15
              248   3
              249   2
              250   9
              251   15
              252   15
              253   14
              254   11
              255   13
              256   3
              257   13
              258   5
              259   11
              260   12
              261   17
              262   12
              263   10
              264   8
              265   15
              266   8
              267   7
              268   14
              269   4
              270   13
              271   10
              272   2
              273   9
              274   14
              275   6
              276   4
              277   7
              278   19
              279   16
              280   9
              281   16
              282   9
              283   16
              284   19
              285   12
              286   12
              287   14
              288   3
              289   7
              290   12
              291   15
              292   15
              293   4
              294   19
              295   20
              296   12
              297   13
              298   11
              299   18
              300   5
              301   9
              302   14
              303   2
              304   11
              305   10
              306   16
              307   4
              308   4
              309   17
              310   13
              311   10
              312   9
              313   4
              314   16
              315   16
              316   14
              317   9
              318   18
              319   18
              320   8
              321   18
              322   13
              323   5
              324   15
              325   6
              326   19
              327   8
              328   4
              329   17
              330   2
              331   7
              332   3
              333   2
              334   15
              335   16
              336   13
              337   7
              338   13
              339   4
              340   4
              341   11
              342   10
              343   1
              344   15
              345   15
              346   12
              347   10
              348   2
              349   13
              350   2
              351   16
              352   4
              353   1
              354   10
              355   1
              356   5
              357   19
              358   4
              359   9
              360   16
              361   20
              362   3
              363   10
              364   4
              365   12
              366   16
              367   10
              368   12
              369   15
              370   20
              371   4
              372   13
              373   15
              374   4
              375   7
              376   4
              377   11
              378   4
              379   13
              380   17
              381   18
              382   7
              383   19
              384   7
              385   4
              386   13
              387   17
              388   13
              389   6
              390   6
              391   12
              392   7
              393   6
              394   14
              395   19
              396   12
              397   4
              398   4
              399   7
              400   20
              401   10
              402   6
              403   8
              404   10
              405   7
              406   20
              407   11
              408   11
              409   15
              410   12
              411   15
              412   13
              413   5
              414   12
              415   18
              416   9
              417   4
              418   19
              419   6
              420   5
              421   19
              422   18
              423   10
              424   15
              425   7
              426   2
              427   2
              428   16
              429   11
              430   10
              431   17
              432   7
              433   2
              434   2
              435   18
              436   15
              437   3
              438   19
              439   4
              440   2
              441   7
              442   13
              443   10
              444   18
              445   1
              446   2
              447   6
              448   19
              449   14
              450   16
              451   18
              452   5
              453   4
              454   5
              455   11
              456   9
              457   5
              458   15
              459   1
              460   2
              461   8
              462   18
              463   4
              464   17
              465   20
              466   16
              467   11
              468   8
              469   14
              470   19
              471   5
              472   8
              473   14
              474   16
              475   18
              476   7
              477   9
              478   18
              479   4
              480   6
              481   20
              482   3
              483   14
              484   18
              485   1
              486   13
              487   14
              488   6
              489   7
              490   15
              491   5
              492   16
              493   3
              494   10
              495   18
              496   7
              497   18
              498   5
              499   8
              500   14
;

