set I := 1 2 3 4 5 6 7 8 9 10 11 12 13 14 15 16 17 18 19 20 21 22 23 24 25 26 27 28 29 30 31 32 33 34 35 36 37 38 39 40 41 42 43 44 45 46 47 48 49 50 51 52 53 54 55 56 57 58 59 60 61 62 63 64 65 66 67 68 69 70 71 72 73 74 75 76 77 78 79 80 81 82 83 84 85 86 87 88 89 90 91 92 93 94 95 96 97 98 99 100 101 102 103 104 105 106 107 108 ;

set J := 1 2 3 4 5 6 7 8 9 10 11 12 13 14 15 16 17 18 19 20 21 22 23 24 25 26 27 28 29 30 31 32 33 34 35 36 37 38 39 40 41 42 43 44 45 46 47 48 49 50 51 52 53 54 55 56 57 58 59 60 61 62 63 64 65 66 67 68 69 70 71 72 73 74 75 76 77 78 79 80 81 82 83 84 85 86 87 88 89 90 91 92 93 94 95 96 97 98 99 100 101 102 103 104 105 106 107 108 109 110 111 112 113 114 115 116 117 118 119 120 121 122 123 124 125 126 127 128 129 130 131 132 133 134 135 136 137 138 139 140 141 142 143 144 145 146 147 148 149 150 151 152 153 154 155 156 157 158 159 160 161 162 163 164 165 166 167 168 169 170 171 172 173 174 175 176 177 178 179 180 181 182 183 184 185 186 187 188 189 190 191 192 193 194 195 196 197 198 199 200 ;

param b:=     1   50
              2   50
              3   50
              4   50
              5   50
              6   50
              7   50
              8   50
              9   50
              10   50
              11   50
              12   50
              13   50
              14   50
              15   50
              16   50
              17   50
              18   50
              19   50
              20   50
              21   50
              22   50
              23   50
              24   50
              25   50
              26   50
              27   50
              28   50
              29   50
              30   50
              31   50
              32   50
              33   50
              34   50
              35   50
              36   50
              37   50
              38   50
              39   50
              40   50
              41   50
              42   50
              43   50
              44   100
              45   100
              46   100
              47   100
              48   100
              49   100
              50   100
              51   100
              52   100
              53   100
              54   100
              55   100
              56   100
              57   100
              58   100
              59   100
              60   100
              61   100
              62   100
              63   100
              64   100
              65   100
              66   150
              67   150
              68   150
              69   150
              70   150
              71   150
              72   150
              73   150
              74   150
              75   150
              76   150
              77   150
              78   150
              79   150
              80   150
              81   200
              82   200
              83   200
              84   200
              85   200
              86   200
              87   200
              88   200
              89   200
              90   200
              91   200
              92   250
              93   250
              94   250
              95   250
              96   250
              97   250
              98   250
              99   250
              100   250
              101   300
              102   300
              103   300
              104   300
              105   300
              106   300
              107   300
              108   300
;


param f:=     1   1031
              2   1031
              3   1031
              4   1031
              5   1031
              6   1031
              7   1031
              8   1031
              9   1031
              10   1031
              11   1031
              12   1031
              13   1031
              14   1031
              15   1031
              16   1031
              17   1031
              18   1031
              19   1031
              20   1031
              21   1031
              22   1031
              23   1031
              24   1031
              25   1031
              26   1031
              27   1031
              28   1031
              29   1031
              30   1031
              31   1031
              32   1031
              33   1031
              34   1031
              35   1031
              36   1031
              37   1031
              38   1031
              39   1031
              40   1031
              41   1031
              42   1031
              43   1031
              44   1637
              45   1637
              46   1637
              47   1637
              48   1637
              49   1637
              50   1637
              51   1637
              52   1637
              53   1637
              54   1637
              55   1637
              56   1637
              57   1637
              58   1637
              59   1637
              60   1637
              61   1637
              62   1637
              63   1637
              64   1637
              65   1637
              66   2040
              67   2040
              68   2040
              69   2040
              70   2040
              71   2040
              72   2040
              73   2040
              74   2040
              75   2040
              76   2040
              77   2040
              78   2040
              79   2040
              80   2040
              81   3078
              82   3078
              83   3078
              84   3078
              85   3078
              86   3078
              87   3078
              88   3078
              89   3078
              90   3078
              91   3078
              92   2676
              93   2676
              94   2676
              95   2676
              96   2676
              97   2676
              98   2676
              99   2676
              100   2676
              101   3345
              102   3345
              103   3345
              104   3345
              105   3345
              106   3345
              107   3345
              108   3345
;


param w:=     1   4
              2   7
              3   9
              4   8
              5   2
              6   14
              7   12
              8   11
              9   17
              10   16
              11   1
              12   6
              13   9
              14   20
              15   16
              16   13
              17   10
              18   4
              19   13
              20   15
              21   3
              22   2
              23   10
              24   3
              25   12
              26   17
              27   4
              28   9
              29   13
              30   12
              31   14
              32   13
              33   13
              34   2
              35   4
              36   16
              37   13
              38   18
              39   6
              40   16
              41   18
              42   2
              43   18
              44   9
              45   18
              46   12
              47   14
              48   9
              49   15
              50   8
              51   16
              52   12
              53   13
              54   17
              55   19
              56   15
              57   17
              58   6
              59   6
              60   7
              61   16
              62   14
              63   18
              64   13
              65   18
              66   17
              67   13
              68   9
              69   12
              70   8
              71   7
              72   2
              73   14
              74   4
              75   5
              76   12
              77   1
              78   2
              79   13
              80   4
              81   4
              82   6
              83   20
              84   4
              85   8
              86   16
              87   4
              88   9
              89   4
              90   4
              91   19
              92   17
              93   13
              94   2
              95   9
              96   19
              97   16
              98   14
              99   7
              100   8
              101   9
              102   12
              103   10
              104   12
              105   6
              106   8
              107   8
              108   6
              109   8
              110   2
              111   4
              112   14
              113   8
              114   5
              115   3
              116   9
              117   11
              118   5
              119   15
              120   17
              121   15
              122   6
              123   16
              124   10
              125   13
              126   20
              127   15
              128   6
              129   11
              130   7
              131   11
              132   4
              133   6
              134   17
              135   14
              136   18
              137   13
              138   6
              139   17
              140   12
              141   16
              142   10
              143   18
              144   14
              145   2
              146   16
              147   14
              148   3
              149   6
              150   9
              151   8
              152   9
              153   20
              154   12
              155   2
              156   11
              157   1
              158   16
              159   6
              160   6
              161   12
              162   12
              163   17
              164   1
              165   8
              166   18
              167   19
              168   2
              169   4
              170   8
              171   18
              172   10
              173   20
              174   16
              175   11
              176   20
              177   5
              178   6
              179   8
              180   11
              181   5
              182   5
              183   13
              184   4
              185   1
              186   6
              187   17
              188   19
              189   4
              190   20
              191   3
              192   19
              193   10
              194   7
              195   19
              196   1
              197   19
              198   15
              199   15
              200   2
;

