set I := 1 2 3 4 5 6 7 8 9 10 11 12 13 14 15 16 17 18 19 20 21 22 23 24 25 26 27 28 29 30 31 32 33 34 35 36 37 38 39 40 41 42 43 44 45 46 47 48 49 50 51 52 53 54 55 ;

set J := 1 2 3 4 5 6 7 8 9 10 11 12 13 14 15 16 17 18 19 20 21 22 23 24 25 26 27 28 29 30 31 32 33 34 35 36 37 38 39 40 41 42 43 44 45 46 47 48 49 50 51 52 53 54 55 56 57 58 59 60 61 62 63 64 65 66 67 68 69 70 71 72 73 74 75 76 77 78 79 80 81 82 83 84 85 86 87 88 89 90 91 92 93 94 95 96 97 98 99 100 101 102 103 104 105 106 107 108 109 110 111 112 113 114 115 116 117 118 119 120 121 122 123 124 125 126 127 128 129 130 131 132 133 134 135 136 137 138 139 140 141 142 143 144 145 146 147 148 149 150 151 152 153 154 155 156 157 158 159 160 161 162 163 164 165 166 167 168 169 170 171 172 173 174 175 176 177 178 179 180 181 182 183 184 185 186 187 188 189 190 191 192 193 194 195 196 197 198 199 200 ;

param b:=     1   60
              2   65
              3   70
              4   75
              5   80
              6   85
              7   90
              8   95
              9   100
              10   105
              11   110
              12   115
              13   120
              14   125
              15   130
              16   135
              17   140
              18   145
              19   150
              20   155
              21   160
              22   165
              23   170
              24   175
              25   180
              26   185
              27   190
              28   195
              29   200
              30   205
              31   210
              32   215
              33   220
              34   225
              35   230
              36   235
              37   240
              38   245
              39   250
              40   255
              41   260
              42   265
              43   270
              44   275
              45   280
              46   285
              47   290
              48   295
              49   300
              50   305
              51   310
              52   315
              53   320
              54   325
              55   330
;


param f:=     1   1120
              2   1437
              3   1534
              4   1200
              5   1782
              6   1785
              7   1779
              8   2108
              9   1653
              10   1864
              11   1766
              12   1757
              13   1728
              14   2279
              15   2141
              16   1521
              17   2496
              18   2437
              19   1736
              20   1899
              21   2759
              22   1588
              23   2751
              24   1720
              25   2457
              26   2830
              27   2483
              28   2743
              29   2089
              30   1879
              31   1676
              32   2151
              33   1700
              34   2647
              35   2312
              36   2216
              37   2963
              38   2430
              39   3015
              40   2773
              41   2210
              42   2376
              43   2311
              44   2214
              45   2973
              46   3015
              47   3484
              48   3596
              49   3550
              50   3051
              51   3444
              52   3172
              53   2947
              54   3716
              55   4008
;


param w:=     1   4
              2   7
              3   9
              4   8
              5   2
              6   14
              7   12
              8   11
              9   17
              10   16
              11   1
              12   6
              13   9
              14   20
              15   16
              16   13
              17   10
              18   4
              19   13
              20   15
              21   3
              22   2
              23   10
              24   3
              25   12
              26   17
              27   4
              28   9
              29   13
              30   12
              31   14
              32   13
              33   13
              34   2
              35   4
              36   16
              37   13
              38   18
              39   6
              40   16
              41   18
              42   2
              43   18
              44   9
              45   18
              46   12
              47   14
              48   9
              49   15
              50   8
              51   16
              52   12
              53   13
              54   17
              55   19
              56   15
              57   17
              58   6
              59   6
              60   7
              61   16
              62   14
              63   18
              64   13
              65   18
              66   17
              67   13
              68   9
              69   12
              70   8
              71   7
              72   2
              73   14
              74   4
              75   5
              76   12
              77   1
              78   2
              79   13
              80   4
              81   4
              82   6
              83   20
              84   4
              85   8
              86   16
              87   4
              88   9
              89   4
              90   4
              91   19
              92   17
              93   13
              94   2
              95   9
              96   19
              97   16
              98   14
              99   7
              100   8
              101   9
              102   12
              103   10
              104   12
              105   6
              106   8
              107   8
              108   6
              109   8
              110   2
              111   4
              112   14
              113   8
              114   5
              115   3
              116   9
              117   11
              118   5
              119   15
              120   17
              121   15
              122   6
              123   16
              124   10
              125   13
              126   20
              127   15
              128   6
              129   11
              130   7
              131   11
              132   4
              133   6
              134   17
              135   14
              136   18
              137   13
              138   6
              139   17
              140   12
              141   16
              142   10
              143   18
              144   14
              145   2
              146   16
              147   14
              148   3
              149   6
              150   9
              151   8
              152   9
              153   20
              154   12
              155   2
              156   11
              157   1
              158   16
              159   6
              160   6
              161   12
              162   12
              163   17
              164   1
              165   8
              166   18
              167   19
              168   2
              169   4
              170   8
              171   18
              172   10
              173   20
              174   16
              175   11
              176   20
              177   5
              178   6
              179   8
              180   11
              181   5
              182   5
              183   13
              184   4
              185   1
              186   6
              187   17
              188   19
              189   4
              190   20
              191   3
              192   19
              193   10
              194   7
              195   19
              196   1
              197   19
              198   15
              199   15
              200   2
;

