set I := 1 2 3 4 5 6 7 8 9 10 11 12 13 14 15 16 17 18 19 20 21 22 23 24 25 26 27 28 29 30 31 32 33 34 35 36 37 38 39 40 41 42 43 44 45 46 47 48 49 50 51 52 53 54 55 56 57 58 59 60 61 62 63 64 65 66 67 68 69 70 71 72 73 74 75 76 77 78 79 80 81 82 83 84 85 86 87 88 89 90 91 92 93 94 95 96 97 98 99 100 101 102 103 104 105 106 107 108 109 110 111 112 113 114 115 116 117 118 119 120 121 122 123 124 125 126 127 128 129 130 131 132 133 134 135 136 137 138 139 140 141 142 143 144 145 146 147 148 149 150 151 152 153 154 155 156 157 158 159 160 161 162 163 164 165 166 167 168 169 170 171 172 173 174 175 176 177 178 179 180 181 182 183 184 185 186 187 188 189 190 191 192 193 194 195 196 197 198 199 200 201 202 203 204 205 206 207 208 209 210 211 212 213 214 215 216 217 218 219 220 221 222 223 224 225 226 227 228 229 230 231 232 233 234 235 236 237 238 239 240 241 242 243 244 245 246 247 248 249 250 251 252 253 254 255 256 257 258 259 260 261 262 263 264 265 266 267 268 269 270 ;

set J := 1 2 3 4 5 6 7 8 9 10 11 12 13 14 15 16 17 18 19 20 21 22 23 24 25 26 27 28 29 30 31 32 33 34 35 36 37 38 39 40 41 42 43 44 45 46 47 48 49 50 51 52 53 54 55 56 57 58 59 60 61 62 63 64 65 66 67 68 69 70 71 72 73 74 75 76 77 78 79 80 81 82 83 84 85 86 87 88 89 90 91 92 93 94 95 96 97 98 99 100 101 102 103 104 105 106 107 108 109 110 111 112 113 114 115 116 117 118 119 120 121 122 123 124 125 126 127 128 129 130 131 132 133 134 135 136 137 138 139 140 141 142 143 144 145 146 147 148 149 150 151 152 153 154 155 156 157 158 159 160 161 162 163 164 165 166 167 168 169 170 171 172 173 174 175 176 177 178 179 180 181 182 183 184 185 186 187 188 189 190 191 192 193 194 195 196 197 198 199 200 ;

param b:=     1   25
              2   25
              3   25
              4   25
              5   25
              6   25
              7   25
              8   25
              9   25
              10   25
              11   25
              12   25
              13   25
              14   25
              15   25
              16   25
              17   25
              18   25
              19   25
              20   25
              21   25
              22   25
              23   25
              24   25
              25   25
              26   25
              27   25
              28   25
              29   25
              30   25
              31   25
              32   25
              33   25
              34   25
              35   25
              36   25
              37   25
              38   25
              39   25
              40   25
              41   25
              42   25
              43   25
              44   25
              45   25
              46   25
              47   25
              48   25
              49   25
              50   25
              51   25
              52   25
              53   25
              54   25
              55   25
              56   25
              57   25
              58   25
              59   25
              60   25
              61   25
              62   25
              63   25
              64   25
              65   25
              66   25
              67   25
              68   25
              69   25
              70   25
              71   25
              72   25
              73   25
              74   25
              75   25
              76   25
              77   25
              78   25
              79   25
              80   25
              81   25
              82   25
              83   25
              84   25
              85   25
              86   50
              87   50
              88   50
              89   50
              90   50
              91   50
              92   50
              93   50
              94   50
              95   50
              96   50
              97   50
              98   50
              99   50
              100   50
              101   50
              102   50
              103   50
              104   50
              105   50
              106   50
              107   50
              108   50
              109   50
              110   50
              111   50
              112   50
              113   50
              114   50
              115   50
              116   50
              117   50
              118   50
              119   50
              120   50
              121   50
              122   50
              123   50
              124   50
              125   50
              126   50
              127   50
              128   50
              129   75
              130   75
              131   75
              132   75
              133   75
              134   75
              135   75
              136   75
              137   75
              138   75
              139   75
              140   75
              141   75
              142   75
              143   75
              144   75
              145   75
              146   75
              147   75
              148   75
              149   75
              150   75
              151   75
              152   75
              153   75
              154   75
              155   75
              156   75
              157   75
              158   100
              159   100
              160   100
              161   100
              162   100
              163   100
              164   100
              165   100
              166   100
              167   100
              168   100
              169   100
              170   100
              171   100
              172   100
              173   100
              174   100
              175   100
              176   100
              177   100
              178   100
              179   100
              180   125
              181   125
              182   125
              183   125
              184   125
              185   125
              186   125
              187   125
              188   125
              189   125
              190   125
              191   125
              192   125
              193   125
              194   125
              195   125
              196   125
              197   150
              198   150
              199   150
              200   150
              201   150
              202   150
              203   150
              204   150
              205   150
              206   150
              207   150
              208   150
              209   150
              210   150
              211   150
              212   175
              213   175
              214   175
              215   175
              216   175
              217   175
              218   175
              219   175
              220   175
              221   175
              222   175
              223   175
              224   175
              225   200
              226   200
              227   200
              228   200
              229   200
              230   200
              231   200
              232   200
              233   200
              234   200
              235   200
              236   225
              237   225
              238   225
              239   225
              240   225
              241   225
              242   225
              243   225
              244   225
              245   225
              246   250
              247   250
              248   250
              249   250
              250   250
              251   250
              252   250
              253   250
              254   250
              255   275
              256   275
              257   275
              258   275
              259   275
              260   275
              261   275
              262   275
              263   300
              264   300
              265   300
              266   300
              267   300
              268   300
              269   300
              270   300
;


param f:=     1   648
              2   648
              3   648
              4   648
              5   648
              6   648
              7   648
              8   648
              9   648
              10   648
              11   648
              12   648
              13   648
              14   648
              15   648
              16   648
              17   648
              18   648
              19   648
              20   648
              21   648
              22   648
              23   648
              24   648
              25   648
              26   648
              27   648
              28   648
              29   648
              30   648
              31   648
              32   648
              33   648
              34   648
              35   648
              36   648
              37   648
              38   648
              39   648
              40   648
              41   648
              42   648
              43   648
              44   648
              45   648
              46   648
              47   648
              48   648
              49   648
              50   648
              51   648
              52   648
              53   648
              54   648
              55   648
              56   648
              57   648
              58   648
              59   648
              60   648
              61   648
              62   648
              63   648
              64   648
              65   648
              66   648
              67   648
              68   648
              69   648
              70   648
              71   648
              72   648
              73   648
              74   648
              75   648
              76   648
              77   648
              78   648
              79   648
              80   648
              81   648
              82   648
              83   648
              84   648
              85   648
              86   1185
              87   1185
              88   1185
              89   1185
              90   1185
              91   1185
              92   1185
              93   1185
              94   1185
              95   1185
              96   1185
              97   1185
              98   1185
              99   1185
              100   1185
              101   1185
              102   1185
              103   1185
              104   1185
              105   1185
              106   1185
              107   1185
              108   1185
              109   1185
              110   1185
              111   1185
              112   1185
              113   1185
              114   1185
              115   1185
              116   1185
              117   1185
              118   1185
              119   1185
              120   1185
              121   1185
              122   1185
              123   1185
              124   1185
              125   1185
              126   1185
              127   1185
              128   1185
              129   1832
              130   1832
              131   1832
              132   1832
              133   1832
              134   1832
              135   1832
              136   1832
              137   1832
              138   1832
              139   1832
              140   1832
              141   1832
              142   1832
              143   1832
              144   1832
              145   1832
              146   1832
              147   1832
              148   1832
              149   1832
              150   1832
              151   1832
              152   1832
              153   1832
              154   1832
              155   1832
              156   1832
              157   1832
              158   1695
              159   1695
              160   1695
              161   1695
              162   1695
              163   1695
              164   1695
              165   1695
              166   1695
              167   1695
              168   1695
              169   1695
              170   1695
              171   1695
              172   1695
              173   1695
              174   1695
              175   1695
              176   1695
              177   1695
              178   1695
              179   1695
              180   1731
              181   1731
              182   1731
              183   1731
              184   1731
              185   1731
              186   1731
              187   1731
              188   1731
              189   1731
              190   1731
              191   1731
              192   1731
              193   1731
              194   1731
              195   1731
              196   1731
              197   2165
              198   2165
              199   2165
              200   2165
              201   2165
              202   2165
              203   2165
              204   2165
              205   2165
              206   2165
              207   2165
              208   2165
              209   2165
              210   2165
              211   2165
              212   2015
              213   2015
              214   2015
              215   2015
              216   2015
              217   2015
              218   2015
              219   2015
              220   2015
              221   2015
              222   2015
              223   2015
              224   2015
              225   2623
              226   2623
              227   2623
              228   2623
              229   2623
              230   2623
              231   2623
              232   2623
              233   2623
              234   2623
              235   2623
              236   1822
              237   1822
              238   1822
              239   1822
              240   1822
              241   1822
              242   1822
              243   1822
              244   1822
              245   1822
              246   3368
              247   3368
              248   3368
              249   3368
              250   3368
              251   3368
              252   3368
              253   3368
              254   3368
              255   3079
              256   3079
              257   3079
              258   3079
              259   3079
              260   3079
              261   3079
              262   3079
              263   2082
              264   2082
              265   2082
              266   2082
              267   2082
              268   2082
              269   2082
              270   2082
;


param w:=     1   4
              2   7
              3   9
              4   8
              5   2
              6   14
              7   12
              8   11
              9   17
              10   16
              11   1
              12   6
              13   9
              14   20
              15   16
              16   13
              17   10
              18   4
              19   13
              20   15
              21   3
              22   2
              23   10
              24   3
              25   12
              26   17
              27   4
              28   9
              29   13
              30   12
              31   14
              32   13
              33   13
              34   2
              35   4
              36   16
              37   13
              38   18
              39   6
              40   16
              41   18
              42   2
              43   18
              44   9
              45   18
              46   12
              47   14
              48   9
              49   15
              50   8
              51   16
              52   12
              53   13
              54   17
              55   19
              56   15
              57   17
              58   6
              59   6
              60   7
              61   16
              62   14
              63   18
              64   13
              65   18
              66   17
              67   13
              68   9
              69   12
              70   8
              71   7
              72   2
              73   14
              74   4
              75   5
              76   12
              77   1
              78   2
              79   13
              80   4
              81   4
              82   6
              83   20
              84   4
              85   8
              86   16
              87   4
              88   9
              89   4
              90   4
              91   19
              92   17
              93   13
              94   2
              95   9
              96   19
              97   16
              98   14
              99   7
              100   8
              101   9
              102   12
              103   10
              104   12
              105   6
              106   8
              107   8
              108   6
              109   8
              110   2
              111   4
              112   14
              113   8
              114   5
              115   3
              116   9
              117   11
              118   5
              119   15
              120   17
              121   15
              122   6
              123   16
              124   10
              125   13
              126   20
              127   15
              128   6
              129   11
              130   7
              131   11
              132   4
              133   6
              134   17
              135   14
              136   18
              137   13
              138   6
              139   17
              140   12
              141   16
              142   10
              143   18
              144   14
              145   2
              146   16
              147   14
              148   3
              149   6
              150   9
              151   8
              152   9
              153   20
              154   12
              155   2
              156   11
              157   1
              158   16
              159   6
              160   6
              161   12
              162   12
              163   17
              164   1
              165   8
              166   18
              167   19
              168   2
              169   4
              170   8
              171   18
              172   10
              173   20
              174   16
              175   11
              176   20
              177   5
              178   6
              179   8
              180   11
              181   5
              182   5
              183   13
              184   4
              185   1
              186   6
              187   17
              188   19
              189   4
              190   20
              191   3
              192   19
              193   10
              194   7
              195   19
              196   1
              197   19
              198   15
              199   15
              200   2
;

