set I := 1 2 3 4 5 6 7 8 9 10 11 12 13 14 15 16 17 18 19 20 21 22 23 24 25 26 27 28 29 30 31 32 33 34 35 36 37 38 39 40 41 42 43 44 45 46 47 48 49 50 51 52 53 54 55 56 57 58 59 60 61 62 63 64 65 66 67 68 69 70 71 72 73 74 75 76 77 78 79 80 81 82 83 84 85 86 87 88 89 90 91 92 93 94 95 96 97 98 99 100 101 102 103 104 105 106 107 108 109 110 111 112 113 114 115 116 117 118 119 120 121 122 123 124 125 126 127 128 129 130 131 132 133 134 135 136 137 138 139 140 141 142 143 144 145 146 147 148 149 150 151 152 153 154 155 156 157 158 159 160 161 162 163 164 165 166 167 168 169 170 171 172 173 174 175 176 177 178 179 180 181 182 183 184 185 186 187 188 189 190 191 192 193 194 195 196 197 198 199 200 201 202 203 204 205 206 207 208 209 210 211 212 213 214 215 216 217 218 219 220 221 222 223 224 225 226 227 228 229 230 231 232 233 234 235 236 237 238 239 240 241 242 243 244 245 246 247 248 249 250 251 252 253 254 255 256 257 258 259 260 261 262 263 264 265 266 267 268 269 270 271 272 273 274 275 276 277 278 279 280 281 282 283 284 285 286 287 288 289 290 291 292 293 294 295 296 297 298 299 300 301 302 303 304 305 306 307 308 309 310 311 312 313 314 315 316 317 318 319 320 321 322 323 324 325 326 327 328 329 330 331 332 333 334 335 336 337 338 339 340 341 342 343 344 345 346 347 348 349 350 351 352 353 354 355 356 357 358 359 360 361 362 363 364 365 366 367 368 369 370 371 372 373 374 375 376 377 378 379 380 381 382 383 384 385 386 387 388 389 390 391 392 393 394 395 396 397 398 399 400 401 402 403 404 405 406 407 408 409 410 411 412 413 414 415 416 417 418 419 420 421 422 423 424 425 426 427 428 429 430 431 432 433 434 435 436 437 438 439 440 441 442 443 444 445 446 447 448 449 450 451 452 453 454 455 456 457 458 459 460 461 462 463 464 465 466 467 468 469 470 471 472 473 474 475 476 477 478 479 480 481 482 483 484 485 486 487 488 489 490 491 492 493 494 495 496 497 498 499 500 501 502 503 504 505 506 507 508 509 510 511 512 513 514 515 516 517 518 519 520 521 522 523 524 525 526 527 528 529 530 531 532 533 534 535 536 537 538 539 540 541 542 543 544 545 546 547 548 549 550 551 552 553 554 555 556 557 558 559 560 561 562 563 564 565 566 567 568 569 570 571 572 573 574 575 576 577 578 579 580 581 582 583 584 585 586 587 588 589 590 591 592 593 594 595 596 597 598 599 600 601 602 603 604 605 606 607 608 609 610 611 612 613 614 615 616 617 618 619 620 621 622 623 624 625 626 627 628 629 630 631 632 633 634 635 636 637 638 639 640 641 642 643 644 645 646 647 648 649 650 651 652 653 654 655 ;

set J := 1 2 3 4 5 6 7 8 9 10 11 12 13 14 15 16 17 18 19 20 21 22 23 24 25 26 27 28 29 30 31 32 33 34 35 36 37 38 39 40 41 42 43 44 45 46 47 48 49 50 51 52 53 54 55 56 57 58 59 60 61 62 63 64 65 66 67 68 69 70 71 72 73 74 75 76 77 78 79 80 81 82 83 84 85 86 87 88 89 90 91 92 93 94 95 96 97 98 99 100 101 102 103 104 105 106 107 108 109 110 111 112 113 114 115 116 117 118 119 120 121 122 123 124 125 126 127 128 129 130 131 132 133 134 135 136 137 138 139 140 141 142 143 144 145 146 147 148 149 150 151 152 153 154 155 156 157 158 159 160 161 162 163 164 165 166 167 168 169 170 171 172 173 174 175 176 177 178 179 180 181 182 183 184 185 186 187 188 189 190 191 192 193 194 195 196 197 198 199 200 201 202 203 204 205 206 207 208 209 210 211 212 213 214 215 216 217 218 219 220 221 222 223 224 225 226 227 228 229 230 231 232 233 234 235 236 237 238 239 240 241 242 243 244 245 246 247 248 249 250 251 252 253 254 255 256 257 258 259 260 261 262 263 264 265 266 267 268 269 270 271 272 273 274 275 276 277 278 279 280 281 282 283 284 285 286 287 288 289 290 291 292 293 294 295 296 297 298 299 300 301 302 303 304 305 306 307 308 309 310 311 312 313 314 315 316 317 318 319 320 321 322 323 324 325 326 327 328 329 330 331 332 333 334 335 336 337 338 339 340 341 342 343 344 345 346 347 348 349 350 351 352 353 354 355 356 357 358 359 360 361 362 363 364 365 366 367 368 369 370 371 372 373 374 375 376 377 378 379 380 381 382 383 384 385 386 387 388 389 390 391 392 393 394 395 396 397 398 399 400 401 402 403 404 405 406 407 408 409 410 411 412 413 414 415 416 417 418 419 420 421 422 423 424 425 426 427 428 429 430 431 432 433 434 435 436 437 438 439 440 441 442 443 444 445 446 447 448 449 450 451 452 453 454 455 456 457 458 459 460 461 462 463 464 465 466 467 468 469 470 471 472 473 474 475 476 477 478 479 480 481 482 483 484 485 486 487 488 489 490 491 492 493 494 495 496 497 498 499 500 ;

param b:=     1   25
              2   25
              3   25
              4   25
              5   25
              6   25
              7   25
              8   25
              9   25
              10   25
              11   25
              12   25
              13   25
              14   25
              15   25
              16   25
              17   25
              18   25
              19   25
              20   25
              21   25
              22   25
              23   25
              24   25
              25   25
              26   25
              27   25
              28   25
              29   25
              30   25
              31   25
              32   25
              33   25
              34   25
              35   25
              36   25
              37   25
              38   25
              39   25
              40   25
              41   25
              42   25
              43   25
              44   25
              45   25
              46   25
              47   25
              48   25
              49   25
              50   25
              51   25
              52   25
              53   25
              54   25
              55   25
              56   25
              57   25
              58   25
              59   25
              60   25
              61   25
              62   25
              63   25
              64   25
              65   25
              66   25
              67   25
              68   25
              69   25
              70   25
              71   25
              72   25
              73   25
              74   25
              75   25
              76   25
              77   25
              78   25
              79   25
              80   25
              81   25
              82   25
              83   25
              84   25
              85   25
              86   25
              87   25
              88   25
              89   25
              90   25
              91   25
              92   25
              93   25
              94   25
              95   25
              96   25
              97   25
              98   25
              99   25
              100   25
              101   25
              102   25
              103   25
              104   25
              105   25
              106   25
              107   25
              108   25
              109   25
              110   25
              111   25
              112   25
              113   25
              114   25
              115   25
              116   25
              117   25
              118   25
              119   25
              120   25
              121   25
              122   25
              123   25
              124   25
              125   25
              126   25
              127   25
              128   25
              129   25
              130   25
              131   25
              132   25
              133   25
              134   25
              135   25
              136   25
              137   25
              138   25
              139   25
              140   25
              141   25
              142   25
              143   25
              144   25
              145   25
              146   25
              147   25
              148   25
              149   25
              150   25
              151   25
              152   25
              153   25
              154   25
              155   25
              156   25
              157   25
              158   25
              159   25
              160   25
              161   25
              162   25
              163   25
              164   25
              165   25
              166   25
              167   25
              168   25
              169   25
              170   25
              171   25
              172   25
              173   25
              174   25
              175   25
              176   25
              177   25
              178   25
              179   25
              180   25
              181   25
              182   25
              183   25
              184   25
              185   25
              186   25
              187   25
              188   25
              189   25
              190   25
              191   25
              192   25
              193   25
              194   25
              195   25
              196   25
              197   25
              198   25
              199   25
              200   25
              201   25
              202   25
              203   25
              204   25
              205   25
              206   25
              207   25
              208   25
              209   25
              210   25
              211   50
              212   50
              213   50
              214   50
              215   50
              216   50
              217   50
              218   50
              219   50
              220   50
              221   50
              222   50
              223   50
              224   50
              225   50
              226   50
              227   50
              228   50
              229   50
              230   50
              231   50
              232   50
              233   50
              234   50
              235   50
              236   50
              237   50
              238   50
              239   50
              240   50
              241   50
              242   50
              243   50
              244   50
              245   50
              246   50
              247   50
              248   50
              249   50
              250   50
              251   50
              252   50
              253   50
              254   50
              255   50
              256   50
              257   50
              258   50
              259   50
              260   50
              261   50
              262   50
              263   50
              264   50
              265   50
              266   50
              267   50
              268   50
              269   50
              270   50
              271   50
              272   50
              273   50
              274   50
              275   50
              276   50
              277   50
              278   50
              279   50
              280   50
              281   50
              282   50
              283   50
              284   50
              285   50
              286   50
              287   50
              288   50
              289   50
              290   50
              291   50
              292   50
              293   50
              294   50
              295   50
              296   50
              297   50
              298   50
              299   50
              300   50
              301   50
              302   50
              303   50
              304   50
              305   50
              306   50
              307   50
              308   50
              309   50
              310   50
              311   50
              312   50
              313   50
              314   50
              315   50
              316   75
              317   75
              318   75
              319   75
              320   75
              321   75
              322   75
              323   75
              324   75
              325   75
              326   75
              327   75
              328   75
              329   75
              330   75
              331   75
              332   75
              333   75
              334   75
              335   75
              336   75
              337   75
              338   75
              339   75
              340   75
              341   75
              342   75
              343   75
              344   75
              345   75
              346   75
              347   75
              348   75
              349   75
              350   75
              351   75
              352   75
              353   75
              354   75
              355   75
              356   75
              357   75
              358   75
              359   75
              360   75
              361   75
              362   75
              363   75
              364   75
              365   75
              366   75
              367   75
              368   75
              369   75
              370   75
              371   75
              372   75
              373   75
              374   75
              375   75
              376   75
              377   75
              378   75
              379   75
              380   75
              381   75
              382   75
              383   75
              384   75
              385   75
              386   100
              387   100
              388   100
              389   100
              390   100
              391   100
              392   100
              393   100
              394   100
              395   100
              396   100
              397   100
              398   100
              399   100
              400   100
              401   100
              402   100
              403   100
              404   100
              405   100
              406   100
              407   100
              408   100
              409   100
              410   100
              411   100
              412   100
              413   100
              414   100
              415   100
              416   100
              417   100
              418   100
              419   100
              420   100
              421   100
              422   100
              423   100
              424   100
              425   100
              426   100
              427   100
              428   100
              429   100
              430   100
              431   100
              432   100
              433   100
              434   100
              435   100
              436   100
              437   100
              438   100
              439   125
              440   125
              441   125
              442   125
              443   125
              444   125
              445   125
              446   125
              447   125
              448   125
              449   125
              450   125
              451   125
              452   125
              453   125
              454   125
              455   125
              456   125
              457   125
              458   125
              459   125
              460   125
              461   125
              462   125
              463   125
              464   125
              465   125
              466   125
              467   125
              468   125
              469   125
              470   125
              471   125
              472   125
              473   125
              474   125
              475   125
              476   125
              477   125
              478   125
              479   125
              480   125
              481   150
              482   150
              483   150
              484   150
              485   150
              486   150
              487   150
              488   150
              489   150
              490   150
              491   150
              492   150
              493   150
              494   150
              495   150
              496   150
              497   150
              498   150
              499   150
              500   150
              501   150
              502   150
              503   150
              504   150
              505   150
              506   150
              507   150
              508   150
              509   150
              510   150
              511   150
              512   150
              513   150
              514   150
              515   150
              516   175
              517   175
              518   175
              519   175
              520   175
              521   175
              522   175
              523   175
              524   175
              525   175
              526   175
              527   175
              528   175
              529   175
              530   175
              531   175
              532   175
              533   175
              534   175
              535   175
              536   175
              537   175
              538   175
              539   175
              540   175
              541   175
              542   175
              543   175
              544   175
              545   175
              546   200
              547   200
              548   200
              549   200
              550   200
              551   200
              552   200
              553   200
              554   200
              555   200
              556   200
              557   200
              558   200
              559   200
              560   200
              561   200
              562   200
              563   200
              564   200
              565   200
              566   200
              567   200
              568   200
              569   200
              570   200
              571   200
              572   200
              573   225
              574   225
              575   225
              576   225
              577   225
              578   225
              579   225
              580   225
              581   225
              582   225
              583   225
              584   225
              585   225
              586   225
              587   225
              588   225
              589   225
              590   225
              591   225
              592   225
              593   225
              594   225
              595   225
              596   225
              597   250
              598   250
              599   250
              600   250
              601   250
              602   250
              603   250
              604   250
              605   250
              606   250
              607   250
              608   250
              609   250
              610   250
              611   250
              612   250
              613   250
              614   250
              615   250
              616   250
              617   250
              618   275
              619   275
              620   275
              621   275
              622   275
              623   275
              624   275
              625   275
              626   275
              627   275
              628   275
              629   275
              630   275
              631   275
              632   275
              633   275
              634   275
              635   275
              636   275
              637   275
              638   300
              639   300
              640   300
              641   300
              642   300
              643   300
              644   300
              645   300
              646   300
              647   300
              648   300
              649   300
              650   300
              651   300
              652   300
              653   300
              654   300
              655   300
;


param f:=     1   874
              2   632
              3   817
              4   848
              5   914
              6   918
              7   1011
              8   801
              9   633
              10   985
              11   646
              12   750
              13   769
              14   1129
              15   915
              16   980
              17   762
              18   661
              19   617
              20   852
              21   824
              22   956
              23   860
              24   749
              25   639
              26   695
              27   866
              28   593
              29   1008
              30   833
              31   1069
              32   855
              33   779
              34   1061
              35   1008
              36   720
              37   701
              38   861
              39   900
              40   896
              41   608
              42   621
              43   578
              44   790
              45   1005
              46   827
              47   743
              48   850
              49   638
              50   623
              51   1023
              52   985
              53   1085
              54   936
              55   991
              56   807
              57   735
              58   1040
              59   675
              60   908
              61   888
              62   1036
              63   911
              64   979
              65   796
              66   834
              67   898
              68   941
              69   790
              70   798
              71   961
              72   1047
              73   895
              74   689
              75   599
              76   724
              77   755
              78   1026
              79   624
              80   1028
              81   588
              82   790
              83   1028
              84   678
              85   1052
              86   666
              87   952
              88   730
              89   932
              90   945
              91   573
              92   909
              93   843
              94   943
              95   865
              96   612
              97   663
              98   886
              99   964
              100   656
              101   967
              102   695
              103   666
              104   719
              105   1098
              106   1029
              107   854
              108   863
              109   1095
              110   597
              111   1064
              112   901
              113   1058
              114   791
              115   930
              116   806
              117   950
              118   823
              119   776
              120   615
              121   648
              122   871
              123   774
              124   959
              125   1024
              126   718
              127   773
              128   995
              129   1060
              130   953
              131   1007
              132   1042
              133   610
              134   668
              135   605
              136   1022
              137   1097
              138   634
              139   1057
              140   941
              141   589
              142   852
              143   988
              144   578
              145   730
              146   637
              147   588
              148   798
              149   1022
              150   815
              151   976
              152   972
              153   625
              154   636
              155   671
              156   857
              157   996
              158   798
              159   888
              160   610
              161   1074
              162   737
              163   874
              164   600
              165   787
              166   894
              167   831
              168   1002
              169   1022
              170   688
              171   711
              172   1019
              173   765
              174   952
              175   720
              176   670
              177   750
              178   1006
              179   893
              180   921
              181   871
              182   1064
              183   1016
              184   1015
              185   779
              186   829
              187   684
              188   997
              189   963
              190   800
              191   722
              192   834
              193   805
              194   683
              195   682
              196   559
              197   977
              198   896
              199   962
              200   798
              201   723
              202   851
              203   957
              204   771
              205   838
              206   821
              207   575
              208   830
              209   1069
              210   655
              211   1404
              212   1325
              213   1329
              214   1301
              215   1463
              216   1157
              217   1301
              218   842
              219   856
              220   929
              221   1044
              222   783
              223   1433
              224   1207
              225   822
              226   1446
              227   1469
              228   1469
              229   1122
              230   1521
              231   1274
              232   1137
              233   1229
              234   942
              235   1478
              236   1093
              237   1318
              238   959
              239   1535
              240   1289
              241   1124
              242   991
              243   1254
              244   1264
              245   1027
              246   980
              247   1153
              248   1384
              249   1377
              250   1297
              251   1340
              252   925
              253   1545
              254   1088
              255   1526
              256   1341
              257   974
              258   1486
              259   1084
              260   1001
              261   824
              262   890
              263   1317
              264   994
              265   1301
              266   1376
              267   1496
              268   929
              269   958
              270   1517
              271   1196
              272   1596
              273   1114
              274   1289
              275   1275
              276   1281
              277   1253
              278   974
              279   1257
              280   1271
              281   1003
              282   1104
              283   1124
              284   898
              285   1028
              286   1153
              287   935
              288   1273
              289   832
              290   948
              291   1240
              292   1343
              293   915
              294   1344
              295   1159
              296   1063
              297   1203
              298   1156
              299   897
              300   923
              301   791
              302   949
              303   1221
              304   1189
              305   1430
              306   1218
              307   935
              308   979
              309   1348
              310   1055
              311   1237
              312   812
              313   823
              314   1352
              315   915
              316   1481
              317   1729
              318   1962
              319   1775
              320   1352
              321   1329
              322   1376
              323   1149
              324   1756
              325   1887
              326   1598
              327   1360
              328   1201
              329   1944
              330   1923
              331   1413
              332   1501
              333   1540
              334   1802
              335   1782
              336   1235
              337   1298
              338   1460
              339   1190
              340   1271
              341   1841
              342   1328
              343   1010
              344   1087
              345   1658
              346   1360
              347   1544
              348   1032
              349   1752
              350   1330
              351   1393
              352   1052
              353   1444
              354   1750
              355   1825
              356   1185
              357   1800
              358   1210
              359   1036
              360   1150
              361   1567
              362   1581
              363   1549
              364   1857
              365   1566
              366   1187
              367   1453
              368   1954
              369   1012
              370   1349
              371   1071
              372   1406
              373   1387
              374   1095
              375   1061
              376   1895
              377   1230
              378   1454
              379   1352
              380   1416
              381   1031
              382   1792
              383   1260
              384   1966
              385   1718
              386   1978
              387   1909
              388   1870
              389   1747
              390   1226
              391   1853
              392   1211
              393   2102
              394   1947
              395   1520
              396   1984
              397   1476
              398   1163
              399   1741
              400   1936
              401   1484
              402   1755
              403   1871
              404   1327
              405   1595
              406   1720
              407   1392
              408   1161
              409   1391
              410   1417
              411   1297
              412   1902
              413   1803
              414   1348
              415   1925
              416   1518
              417   1279
              418   1538
              419   1954
              420   1932
              421   1880
              422   1686
              423   1621
              424   1599
              425   2136
              426   1772
              427   1748
              428   1917
              429   1290
              430   2171
              431   1754
              432   1304
              433   2130
              434   2098
              435   1368
              436   1547
              437   1909
              438   2027
              439   1503
              440   2353
              441   1334
              442   2026
              443   1429
              444   2075
              445   2233
              446   2263
              447   1881
              448   1800
              449   1873
              450   2056
              451   2025
              452   2212
              453   2023
              454   1828
              455   1695
              456   1741
              457   2437
              458   1679
              459   1937
              460   2123
              461   1335
              462   1618
              463   1701
              464   1501
              465   2200
              466   2372
              467   2113
              468   1460
              469   2044
              470   1932
              471   2431
              472   1660
              473   1449
              474   2312
              475   1507
              476   2165
              477   2176
              478   2235
              479   2136
              480   1819
              481   1316
              482   2014
              483   2571
              484   2482
              485   1774
              486   1535
              487   2683
              488   1800
              489   2392
              490   2046
              491   1855
              492   2446
              493   2157
              494   1766
              495   1952
              496   1832
              497   2739
              498   2018
              499   1678
              500   1845
              501   2533
              502   1346
              503   1933
              504   2600
              505   1492
              506   1995
              507   1968
              508   1813
              509   1591
              510   2124
              511   1547
              512   2321
              513   1650
              514   2042
              515   2053
              516   1661
              517   1639
              518   2142
              519   2807
              520   2134
              521   2408
              522   2269
              523   1476
              524   1931
              525   1511
              526   1767
              527   2264
              528   2637
              529   1971
              530   2791
              531   2256
              532   1984
              533   1614
              534   2609
              535   1725
              536   2337
              537   1943
              538   1660
              539   2786
              540   2037
              541   1495
              542   2419
              543   2384
              544   2729
              545   2029
              546   2316
              547   2246
              548   2235
              549   1546
              550   2153
              551   1503
              552   2085
              553   3160
              554   1833
              555   2443
              556   2524
              557   1778
              558   1910
              559   1765
              560   2005
              561   2900
              562   1934
              563   2757
              564   1988
              565   3100
              566   2549
              567   2962
              568   2351
              569   2115
              570   1892
              571   2534
              572   2409
              573   2822
              574   2003
              575   2177
              576   2873
              577   3052
              578   2440
              579   2643
              580   2955
              581   2013
              582   2684
              583   2601
              584   2361
              585   2157
              586   2054
              587   2868
              588   1943
              589   2243
              590   2736
              591   2490
              592   1912
              593   2545
              594   2296
              595   1898
              596   1776
              597   3418
              598   2359
              599   2191
              600   2166
              601   2578
              602   1937
              603   1901
              604   2636
              605   2467
              606   2897
              607   2663
              608   3477
              609   3254
              610   1760
              611   3482
              612   2399
              613   2261
              614   2534
              615   3199
              616   2818
              617   3403
              618   2491
              619   2561
              620   1996
              621   2744
              622   3369
              623   2367
              624   3428
              625   2263
              626   2949
              627   2258
              628   2826
              629   2925
              630   2419
              631   2073
              632   2220
              633   3375
              634   2550
              635   2340
              636   2164
              637   3619
              638   2155
              639   3853
              640   3789
              641   2709
              642   2262
              643   2056
              644   2616
              645   2354
              646   2718
              647   3332
              648   2414
              649   3507
              650   2079
              651   2179
              652   3353
              653   2414
              654   2168
              655   2168
;


param w:=     1   7
              2   15
              3   4
              4   7
              5   19
              6   3
              7   10
              8   14
              9   16
              10   1
              11   19
              12   10
              13   13
              14   19
              15   12
              16   14
              17   12
              18   15
              19   1
              20   3
              21   7
              22   14
              23   20
              24   2
              25   19
              26   3
              27   2
              28   4
              29   20
              30   2
              31   15
              32   19
              33   19
              34   9
              35   3
              36   4
              37   9
              38   14
              39   8
              40   16
              41   14
              42   16
              43   4
              44   11
              45   3
              46   1
              47   16
              48   9
              49   15
              50   11
              51   15
              52   9
              53   2
              54   2
              55   13
              56   2
              57   1
              58   18
              59   6
              60   4
              61   13
              62   17
              63   13
              64   13
              65   12
              66   4
              67   9
              68   11
              69   14
              70   4
              71   15
              72   2
              73   16
              74   17
              75   3
              76   9
              77   15
              78   4
              79   17
              80   17
              81   11
              82   12
              83   7
              84   10
              85   8
              86   13
              87   5
              88   16
              89   14
              90   19
              91   19
              92   14
              93   6
              94   10
              95   20
              96   5
              97   18
              98   2
              99   4
              100   13
              101   4
              102   2
              103   18
              104   15
              105   12
              106   8
              107   14
              108   10
              109   6
              110   2
              111   3
              112   8
              113   9
              114   10
              115   11
              116   17
              117   19
              118   8
              119   15
              120   14
              121   9
              122   14
              123   19
              124   14
              125   12
              126   6
              127   2
              128   16
              129   19
              130   1
              131   7
              132   9
              133   17
              134   4
              135   7
              136   15
              137   8
              138   16
              139   2
              140   8
              141   3
              142   19
              143   13
              144   7
              145   3
              146   10
              147   6
              148   2
              149   10
              150   7
              151   3
              152   20
              153   12
              154   10
              155   5
              156   13
              157   9
              158   8
              159   10
              160   12
              161   9
              162   2
              163   4
              164   16
              165   9
              166   2
              167   8
              168   4
              169   3
              170   19
              171   6
              172   9
              173   17
              174   4
              175   12
              176   4
              177   11
              178   5
              179   12
              180   9
              181   15
              182   16
              183   2
              184   4
              185   11
              186   7
              187   7
              188   7
              189   13
              190   14
              191   19
              192   17
              193   13
              194   11
              195   12
              196   15
              197   13
              198   18
              199   19
              200   9
              201   13
              202   4
              203   2
              204   4
              205   14
              206   13
              207   6
              208   13
              209   8
              210   6
              211   11
              212   12
              213   14
              214   4
              215   9
              216   16
              217   3
              218   10
              219   10
              220   12
              221   14
              222   10
              223   3
              224   3
              225   18
              226   19
              227   14
              228   10
              229   5
              230   15
              231   19
              232   3
              233   15
              234   6
              235   3
              236   6
              237   13
              238   20
              239   7
              240   17
              241   16
              242   3
              243   14
              244   7
              245   16
              246   9
              247   6
              248   6
              249   2
              250   11
              251   13
              252   14
              253   14
              254   2
              255   15
              256   14
              257   6
              258   12
              259   14
              260   10
              261   2
              262   16
              263   8
              264   11
              265   13
              266   4
              267   9
              268   3
              269   14
              270   14
              271   15
              272   10
              273   3
              274   9
              275   7
              276   19
              277   18
              278   4
              279   4
              280   5
              281   3
              282   4
              283   14
              284   4
              285   3
              286   7
              287   16
              288   6
              289   9
              290   2
              291   8
              292   19
              293   14
              294   7
              295   5
              296   9
              297   11
              298   11
              299   6
              300   6
              301   13
              302   4
              303   9
              304   16
              305   7
              306   18
              307   3
              308   10
              309   18
              310   16
              311   17
              312   4
              313   7
              314   18
              315   18
              316   12
              317   15
              318   10
              319   19
              320   7
              321   19
              322   5
              323   14
              324   12
              325   17
              326   2
              327   3
              328   13
              329   9
              330   6
              331   3
              332   8
              333   16
              334   20
              335   12
              336   5
              337   18
              338   17
              339   17
              340   12
              341   3
              342   12
              343   8
              344   13
              345   17
              346   16
              347   11
              348   19
              349   3
              350   15
              351   5
              352   10
              353   7
              354   13
              355   15
              356   4
              357   8
              358   4
              359   4
              360   17
              361   18
              362   9
              363   8
              364   13
              365   12
              366   3
              367   18
              368   19
              369   7
              370   5
              371   5
              372   16
              373   7
              374   18
              375   20
              376   4
              377   13
              378   17
              379   9
              380   11
              381   4
              382   2
              383   11
              384   6
              385   8
              386   4
              387   4
              388   5
              389   10
              390   12
              391   17
              392   17
              393   8
              394   14
              395   18
              396   14
              397   3
              398   15
              399   15
              400   10
              401   17
              402   9
              403   5
              404   18
              405   4
              406   9
              407   10
              408   8
              409   18
              410   2
              411   18
              412   8
              413   19
              414   8
              415   14
              416   13
              417   17
              418   17
              419   15
              420   12
              421   19
              422   20
              423   2
              424   18
              425   3
              426   5
              427   17
              428   19
              429   1
              430   1
              431   20
              432   15
              433   6
              434   19
              435   19
              436   16
              437   19
              438   5
              439   8
              440   10
              441   20
              442   12
              443   5
              444   6
              445   5
              446   1
              447   15
              448   18
              449   8
              450   6
              451   7
              452   7
              453   4
              454   1
              455   2
              456   11
              457   15
              458   18
              459   20
              460   11
              461   2
              462   11
              463   15
              464   18
              465   2
              466   9
              467   8
              468   18
              469   4
              470   16
              471   18
              472   4
              473   20
              474   18
              475   8
              476   19
              477   8
              478   9
              479   13
              480   18
              481   20
              482   15
              483   6
              484   3
              485   8
              486   12
              487   15
              488   2
              489   18
              490   13
              491   16
              492   17
              493   12
              494   2
              495   18
              496   2
              497   15
              498   7
              499   12
              500   3
;

