set I := 1 2 3 4 5 6 7 8 9 10 11 12 13 14 15 16 17 18 19 20 21 22 23 24 25 26 27 28 29 30 31 32 33 34 35 36 37 38 39 40 41 42 43 44 45 46 47 48 49 50 51 52 53 54 55 56 57 58 59 60 61 62 63 64 65 66 67 68 69 70 71 72 73 74 75 76 77 78 79 80 81 82 83 84 85 86 87 88 89 90 91 92 93 94 95 96 97 98 99 100 101 102 103 104 ;

set J := 1 2 3 4 5 6 7 8 9 10 11 12 13 14 15 16 17 18 19 20 21 22 23 24 25 26 27 28 29 30 31 32 33 34 35 36 37 38 39 40 41 42 43 44 45 46 47 48 49 50 51 52 53 54 55 56 57 58 59 60 61 62 63 64 65 66 67 68 69 70 71 72 73 74 75 76 77 78 79 80 81 82 83 84 85 86 87 88 89 90 91 92 93 94 95 96 97 98 99 100 101 102 103 104 105 106 107 108 109 110 111 112 113 114 115 116 117 118 119 120 121 122 123 124 125 126 127 128 129 130 131 132 133 134 135 136 137 138 139 140 141 142 143 144 145 146 147 148 149 150 151 152 153 154 155 156 157 158 159 160 161 162 163 164 165 166 167 168 169 170 171 172 173 174 175 176 177 178 179 180 181 182 183 184 185 186 187 188 189 190 191 192 193 194 195 196 197 198 199 200 ;

param b:=     1   50
              2   50
              3   50
              4   50
              5   50
              6   50
              7   50
              8   50
              9   50
              10   50
              11   50
              12   50
              13   50
              14   50
              15   50
              16   50
              17   50
              18   50
              19   50
              20   50
              21   50
              22   50
              23   50
              24   50
              25   50
              26   50
              27   50
              28   50
              29   50
              30   50
              31   50
              32   50
              33   50
              34   50
              35   50
              36   50
              37   50
              38   50
              39   50
              40   50
              41   50
              42   50
              43   100
              44   100
              45   100
              46   100
              47   100
              48   100
              49   100
              50   100
              51   100
              52   100
              53   100
              54   100
              55   100
              56   100
              57   100
              58   100
              59   100
              60   100
              61   100
              62   100
              63   100
              64   150
              65   150
              66   150
              67   150
              68   150
              69   150
              70   150
              71   150
              72   150
              73   150
              74   150
              75   150
              76   150
              77   150
              78   200
              79   200
              80   200
              81   200
              82   200
              83   200
              84   200
              85   200
              86   200
              87   200
              88   200
              89   250
              90   250
              91   250
              92   250
              93   250
              94   250
              95   250
              96   250
              97   250
              98   300
              99   300
              100   300
              101   300
              102   300
              103   300
              104   300
;


param f:=     1   707
              2   707
              3   707
              4   707
              5   707
              6   707
              7   707
              8   707
              9   707
              10   707
              11   707
              12   707
              13   707
              14   707
              15   707
              16   707
              17   707
              18   707
              19   707
              20   707
              21   707
              22   707
              23   707
              24   707
              25   707
              26   707
              27   707
              28   707
              29   707
              30   707
              31   707
              32   707
              33   707
              34   707
              35   707
              36   707
              37   707
              38   707
              39   707
              40   707
              41   707
              42   707
              43   1000
              44   1000
              45   1000
              46   1000
              47   1000
              48   1000
              49   1000
              50   1000
              51   1000
              52   1000
              53   1000
              54   1000
              55   1000
              56   1000
              57   1000
              58   1000
              59   1000
              60   1000
              61   1000
              62   1000
              63   1000
              64   1224
              65   1224
              66   1224
              67   1224
              68   1224
              69   1224
              70   1224
              71   1224
              72   1224
              73   1224
              74   1224
              75   1224
              76   1224
              77   1224
              78   1414
              79   1414
              80   1414
              81   1414
              82   1414
              83   1414
              84   1414
              85   1414
              86   1414
              87   1414
              88   1414
              89   1581
              90   1581
              91   1581
              92   1581
              93   1581
              94   1581
              95   1581
              96   1581
              97   1581
              98   1732
              99   1732
              100   1732
              101   1732
              102   1732
              103   1732
              104   1732
;


param w:=     1   7
              2   16
              3   14
              4   9
              5   6
              6   11
              7   4
              8   7
              9   4
              10   18
              11   7
              12   6
              13   20
              14   4
              15   6
              16   16
              17   12
              18   19
              19   16
              20   18
              21   7
              22   18
              23   7
              24   18
              25   8
              26   17
              27   3
              28   17
              29   7
              30   9
              31   13
              32   3
              33   9
              34   10
              35   3
              36   13
              37   17
              38   18
              39   17
              40   5
              41   16
              42   16
              43   7
              44   11
              45   19
              46   10
              47   4
              48   2
              49   13
              50   20
              51   14
              52   6
              53   1
              54   17
              55   3
              56   5
              57   11
              58   2
              59   6
              60   2
              61   4
              62   8
              63   10
              64   12
              65   2
              66   18
              67   6
              68   5
              69   17
              70   6
              71   8
              72   8
              73   17
              74   4
              75   17
              76   10
              77   5
              78   11
              79   17
              80   5
              81   13
              82   14
              83   7
              84   10
              85   3
              86   19
              87   3
              88   2
              89   15
              90   3
              91   1
              92   10
              93   12
              94   4
              95   3
              96   19
              97   17
              98   15
              99   1
              100   17
              101   9
              102   19
              103   9
              104   2
              105   19
              106   16
              107   11
              108   13
              109   2
              110   19
              111   9
              112   7
              113   15
              114   12
              115   19
              116   10
              117   7
              118   20
              119   13
              120   7
              121   1
              122   7
              123   2
              124   3
              125   20
              126   5
              127   2
              128   2
              129   18
              130   19
              131   4
              132   10
              133   1
              134   19
              135   7
              136   17
              137   9
              138   11
              139   3
              140   4
              141   18
              142   19
              143   7
              144   8
              145   11
              146   6
              147   15
              148   16
              149   19
              150   16
              151   7
              152   6
              153   7
              154   9
              155   3
              156   13
              157   17
              158   7
              159   3
              160   2
              161   6
              162   15
              163   2
              164   14
              165   19
              166   13
              167   9
              168   17
              169   9
              170   10
              171   9
              172   16
              173   14
              174   14
              175   3
              176   8
              177   3
              178   1
              179   3
              180   15
              181   9
              182   8
              183   13
              184   17
              185   2
              186   3
              187   18
              188   8
              189   12
              190   19
              191   18
              192   16
              193   12
              194   18
              195   4
              196   19
              197   1
              198   12
              199   15
              200   17
;

