set I := 1 2 3 4 5 6 7 8 9 10 11 12 13 14 15 16 17 18 19 20 21 22 23 24 25 26 27 28 29 30 31 32 33 34 35 36 37 38 39 40 41 42 43 44 45 46 47 48 49 50 51 52 53 54 55 ;

set J := 1 2 3 4 5 6 7 8 9 10 11 12 13 14 15 16 17 18 19 20 21 22 23 24 25 26 27 28 29 30 31 32 33 34 35 36 37 38 39 40 41 42 43 44 45 46 47 48 49 50 51 52 53 54 55 56 57 58 59 60 61 62 63 64 65 66 67 68 69 70 71 72 73 74 75 76 77 78 79 80 81 82 83 84 85 86 87 88 89 90 91 92 93 94 95 96 97 98 99 100 101 102 103 104 105 106 107 108 109 110 111 112 113 114 115 116 117 118 119 120 121 122 123 124 125 126 127 128 129 130 131 132 133 134 135 136 137 138 139 140 141 142 143 144 145 146 147 148 149 150 151 152 153 154 155 156 157 158 159 160 161 162 163 164 165 166 167 168 169 170 171 172 173 174 175 176 177 178 179 180 181 182 183 184 185 186 187 188 189 190 191 192 193 194 195 196 197 198 199 200 ;

param b:=     1   60
              2   65
              3   70
              4   75
              5   80
              6   85
              7   90
              8   95
              9   100
              10   105
              11   110
              12   115
              13   120
              14   125
              15   130
              16   135
              17   140
              18   145
              19   150
              20   155
              21   160
              22   165
              23   170
              24   175
              25   180
              26   185
              27   190
              28   195
              29   200
              30   205
              31   210
              32   215
              33   220
              34   225
              35   230
              36   235
              37   240
              38   245
              39   250
              40   255
              41   260
              42   265
              43   270
              44   275
              45   280
              46   285
              47   290
              48   295
              49   300
              50   305
              51   310
              52   315
              53   320
              54   325
              55   330
;


param f:=     1   774
              2   806
              3   836
              4   866
              5   894
              6   921
              7   948
              8   974
              9   1000
              10   1024
              11   1048
              12   1072
              13   1095
              14   1118
              15   1140
              16   1161
              17   1183
              18   1204
              19   1224
              20   1244
              21   1264
              22   1284
              23   1303
              24   1322
              25   1341
              26   1360
              27   1378
              28   1396
              29   1414
              30   1431
              31   1449
              32   1466
              33   1483
              34   1500
              35   1516
              36   1532
              37   1549
              38   1565
              39   1581
              40   1596
              41   1612
              42   1627
              43   1643
              44   1658
              45   1673
              46   1688
              47   1702
              48   1717
              49   1732
              50   1746
              51   1760
              52   1774
              53   1788
              54   1802
              55   1816
;


param w:=     1   7
              2   16
              3   14
              4   9
              5   6
              6   11
              7   4
              8   7
              9   4
              10   18
              11   7
              12   6
              13   20
              14   4
              15   6
              16   16
              17   12
              18   19
              19   16
              20   18
              21   7
              22   18
              23   7
              24   18
              25   8
              26   17
              27   3
              28   17
              29   7
              30   9
              31   13
              32   3
              33   9
              34   10
              35   3
              36   13
              37   17
              38   18
              39   17
              40   5
              41   16
              42   16
              43   7
              44   11
              45   19
              46   10
              47   4
              48   2
              49   13
              50   20
              51   14
              52   6
              53   1
              54   17
              55   3
              56   5
              57   11
              58   2
              59   6
              60   2
              61   4
              62   8
              63   10
              64   12
              65   2
              66   18
              67   6
              68   5
              69   17
              70   6
              71   8
              72   8
              73   17
              74   4
              75   17
              76   10
              77   5
              78   11
              79   17
              80   5
              81   13
              82   14
              83   7
              84   10
              85   3
              86   19
              87   3
              88   2
              89   15
              90   3
              91   1
              92   10
              93   12
              94   4
              95   3
              96   19
              97   17
              98   15
              99   1
              100   17
              101   9
              102   19
              103   9
              104   2
              105   19
              106   16
              107   11
              108   13
              109   2
              110   19
              111   9
              112   7
              113   15
              114   12
              115   19
              116   10
              117   7
              118   20
              119   13
              120   7
              121   1
              122   7
              123   2
              124   3
              125   20
              126   5
              127   2
              128   2
              129   18
              130   19
              131   4
              132   10
              133   1
              134   19
              135   7
              136   17
              137   9
              138   11
              139   3
              140   4
              141   18
              142   19
              143   7
              144   8
              145   11
              146   6
              147   15
              148   16
              149   19
              150   16
              151   7
              152   6
              153   7
              154   9
              155   3
              156   13
              157   17
              158   7
              159   3
              160   2
              161   6
              162   15
              163   2
              164   14
              165   19
              166   13
              167   9
              168   17
              169   9
              170   10
              171   9
              172   16
              173   14
              174   14
              175   3
              176   8
              177   3
              178   1
              179   3
              180   15
              181   9
              182   8
              183   13
              184   17
              185   2
              186   3
              187   18
              188   8
              189   12
              190   19
              191   18
              192   16
              193   12
              194   18
              195   4
              196   19
              197   1
              198   12
              199   15
              200   17
;

