set I := 1 2 3 4 5 6 7 8 9 10 11 12 13 14 15 16 17 18 19 20 21 22 23 24 25 26 27 28 29 30 31 32 33 34 35 36 37 38 39 40 41 42 43 44 45 46 47 48 49 50 51 52 53 54 55 56 57 58 59 60 61 62 63 64 65 66 67 68 69 70 71 72 73 74 75 76 77 78 79 80 81 82 83 84 85 86 87 88 89 90 91 92 93 94 95 96 97 98 99 100 101 102 103 104 105 106 107 108 109 110 111 112 113 114 115 116 117 118 119 120 121 122 123 124 125 126 127 128 129 130 131 132 133 134 135 136 137 138 139 140 141 142 143 144 145 146 147 148 149 150 151 152 153 154 155 156 157 158 159 160 161 162 163 164 165 166 167 168 169 170 171 172 173 174 175 176 177 178 179 180 181 182 183 184 185 186 187 188 189 190 191 192 193 194 195 196 197 198 199 200 201 202 203 204 205 206 207 208 209 210 211 212 213 214 215 216 217 218 219 220 221 222 223 224 225 226 227 228 229 230 231 232 233 234 235 236 237 238 239 240 241 242 243 244 245 246 247 248 249 250 251 252 253 254 255 256 257 258 259 260 261 262 ;

set J := 1 2 3 4 5 6 7 8 9 10 11 12 13 14 15 16 17 18 19 20 21 22 23 24 25 26 27 28 29 30 31 32 33 34 35 36 37 38 39 40 41 42 43 44 45 46 47 48 49 50 51 52 53 54 55 56 57 58 59 60 61 62 63 64 65 66 67 68 69 70 71 72 73 74 75 76 77 78 79 80 81 82 83 84 85 86 87 88 89 90 91 92 93 94 95 96 97 98 99 100 101 102 103 104 105 106 107 108 109 110 111 112 113 114 115 116 117 118 119 120 121 122 123 124 125 126 127 128 129 130 131 132 133 134 135 136 137 138 139 140 141 142 143 144 145 146 147 148 149 150 151 152 153 154 155 156 157 158 159 160 161 162 163 164 165 166 167 168 169 170 171 172 173 174 175 176 177 178 179 180 181 182 183 184 185 186 187 188 189 190 191 192 193 194 195 196 197 198 199 200 ;

param b:=     1   25
              2   25
              3   25
              4   25
              5   25
              6   25
              7   25
              8   25
              9   25
              10   25
              11   25
              12   25
              13   25
              14   25
              15   25
              16   25
              17   25
              18   25
              19   25
              20   25
              21   25
              22   25
              23   25
              24   25
              25   25
              26   25
              27   25
              28   25
              29   25
              30   25
              31   25
              32   25
              33   25
              34   25
              35   25
              36   25
              37   25
              38   25
              39   25
              40   25
              41   25
              42   25
              43   25
              44   25
              45   25
              46   25
              47   25
              48   25
              49   25
              50   25
              51   25
              52   25
              53   25
              54   25
              55   25
              56   25
              57   25
              58   25
              59   25
              60   25
              61   25
              62   25
              63   25
              64   25
              65   25
              66   25
              67   25
              68   25
              69   25
              70   25
              71   25
              72   25
              73   25
              74   25
              75   25
              76   25
              77   25
              78   25
              79   25
              80   25
              81   25
              82   25
              83   25
              84   50
              85   50
              86   50
              87   50
              88   50
              89   50
              90   50
              91   50
              92   50
              93   50
              94   50
              95   50
              96   50
              97   50
              98   50
              99   50
              100   50
              101   50
              102   50
              103   50
              104   50
              105   50
              106   50
              107   50
              108   50
              109   50
              110   50
              111   50
              112   50
              113   50
              114   50
              115   50
              116   50
              117   50
              118   50
              119   50
              120   50
              121   50
              122   50
              123   50
              124   50
              125   50
              126   75
              127   75
              128   75
              129   75
              130   75
              131   75
              132   75
              133   75
              134   75
              135   75
              136   75
              137   75
              138   75
              139   75
              140   75
              141   75
              142   75
              143   75
              144   75
              145   75
              146   75
              147   75
              148   75
              149   75
              150   75
              151   75
              152   75
              153   75
              154   100
              155   100
              156   100
              157   100
              158   100
              159   100
              160   100
              161   100
              162   100
              163   100
              164   100
              165   100
              166   100
              167   100
              168   100
              169   100
              170   100
              171   100
              172   100
              173   100
              174   100
              175   125
              176   125
              177   125
              178   125
              179   125
              180   125
              181   125
              182   125
              183   125
              184   125
              185   125
              186   125
              187   125
              188   125
              189   125
              190   125
              191   125
              192   150
              193   150
              194   150
              195   150
              196   150
              197   150
              198   150
              199   150
              200   150
              201   150
              202   150
              203   150
              204   150
              205   150
              206   175
              207   175
              208   175
              209   175
              210   175
              211   175
              212   175
              213   175
              214   175
              215   175
              216   175
              217   175
              218   200
              219   200
              220   200
              221   200
              222   200
              223   200
              224   200
              225   200
              226   200
              227   200
              228   200
              229   225
              230   225
              231   225
              232   225
              233   225
              234   225
              235   225
              236   225
              237   225
              238   225
              239   250
              240   250
              241   250
              242   250
              243   250
              244   250
              245   250
              246   250
              247   250
              248   275
              249   275
              250   275
              251   275
              252   275
              253   275
              254   275
              255   275
              256   300
              257   300
              258   300
              259   300
              260   300
              261   300
              262   300
;


param f:=     1   500
              2   500
              3   500
              4   500
              5   500
              6   500
              7   500
              8   500
              9   500
              10   500
              11   500
              12   500
              13   500
              14   500
              15   500
              16   500
              17   500
              18   500
              19   500
              20   500
              21   500
              22   500
              23   500
              24   500
              25   500
              26   500
              27   500
              28   500
              29   500
              30   500
              31   500
              32   500
              33   500
              34   500
              35   500
              36   500
              37   500
              38   500
              39   500
              40   500
              41   500
              42   500
              43   500
              44   500
              45   500
              46   500
              47   500
              48   500
              49   500
              50   500
              51   500
              52   500
              53   500
              54   500
              55   500
              56   500
              57   500
              58   500
              59   500
              60   500
              61   500
              62   500
              63   500
              64   500
              65   500
              66   500
              67   500
              68   500
              69   500
              70   500
              71   500
              72   500
              73   500
              74   500
              75   500
              76   500
              77   500
              78   500
              79   500
              80   500
              81   500
              82   500
              83   500
              84   707
              85   707
              86   707
              87   707
              88   707
              89   707
              90   707
              91   707
              92   707
              93   707
              94   707
              95   707
              96   707
              97   707
              98   707
              99   707
              100   707
              101   707
              102   707
              103   707
              104   707
              105   707
              106   707
              107   707
              108   707
              109   707
              110   707
              111   707
              112   707
              113   707
              114   707
              115   707
              116   707
              117   707
              118   707
              119   707
              120   707
              121   707
              122   707
              123   707
              124   707
              125   707
              126   866
              127   866
              128   866
              129   866
              130   866
              131   866
              132   866
              133   866
              134   866
              135   866
              136   866
              137   866
              138   866
              139   866
              140   866
              141   866
              142   866
              143   866
              144   866
              145   866
              146   866
              147   866
              148   866
              149   866
              150   866
              151   866
              152   866
              153   866
              154   1000
              155   1000
              156   1000
              157   1000
              158   1000
              159   1000
              160   1000
              161   1000
              162   1000
              163   1000
              164   1000
              165   1000
              166   1000
              167   1000
              168   1000
              169   1000
              170   1000
              171   1000
              172   1000
              173   1000
              174   1000
              175   1118
              176   1118
              177   1118
              178   1118
              179   1118
              180   1118
              181   1118
              182   1118
              183   1118
              184   1118
              185   1118
              186   1118
              187   1118
              188   1118
              189   1118
              190   1118
              191   1118
              192   1224
              193   1224
              194   1224
              195   1224
              196   1224
              197   1224
              198   1224
              199   1224
              200   1224
              201   1224
              202   1224
              203   1224
              204   1224
              205   1224
              206   1322
              207   1322
              208   1322
              209   1322
              210   1322
              211   1322
              212   1322
              213   1322
              214   1322
              215   1322
              216   1322
              217   1322
              218   1414
              219   1414
              220   1414
              221   1414
              222   1414
              223   1414
              224   1414
              225   1414
              226   1414
              227   1414
              228   1414
              229   1500
              230   1500
              231   1500
              232   1500
              233   1500
              234   1500
              235   1500
              236   1500
              237   1500
              238   1500
              239   1581
              240   1581
              241   1581
              242   1581
              243   1581
              244   1581
              245   1581
              246   1581
              247   1581
              248   1658
              249   1658
              250   1658
              251   1658
              252   1658
              253   1658
              254   1658
              255   1658
              256   1732
              257   1732
              258   1732
              259   1732
              260   1732
              261   1732
              262   1732
;


param w:=     1   7
              2   16
              3   14
              4   9
              5   6
              6   11
              7   4
              8   7
              9   4
              10   18
              11   7
              12   6
              13   20
              14   4
              15   6
              16   16
              17   12
              18   19
              19   16
              20   18
              21   7
              22   18
              23   7
              24   18
              25   8
              26   17
              27   3
              28   17
              29   7
              30   9
              31   13
              32   3
              33   9
              34   10
              35   3
              36   13
              37   17
              38   18
              39   17
              40   5
              41   16
              42   16
              43   7
              44   11
              45   19
              46   10
              47   4
              48   2
              49   13
              50   20
              51   14
              52   6
              53   1
              54   17
              55   3
              56   5
              57   11
              58   2
              59   6
              60   2
              61   4
              62   8
              63   10
              64   12
              65   2
              66   18
              67   6
              68   5
              69   17
              70   6
              71   8
              72   8
              73   17
              74   4
              75   17
              76   10
              77   5
              78   11
              79   17
              80   5
              81   13
              82   14
              83   7
              84   10
              85   3
              86   19
              87   3
              88   2
              89   15
              90   3
              91   1
              92   10
              93   12
              94   4
              95   3
              96   19
              97   17
              98   15
              99   1
              100   17
              101   9
              102   19
              103   9
              104   2
              105   19
              106   16
              107   11
              108   13
              109   2
              110   19
              111   9
              112   7
              113   15
              114   12
              115   19
              116   10
              117   7
              118   20
              119   13
              120   7
              121   1
              122   7
              123   2
              124   3
              125   20
              126   5
              127   2
              128   2
              129   18
              130   19
              131   4
              132   10
              133   1
              134   19
              135   7
              136   17
              137   9
              138   11
              139   3
              140   4
              141   18
              142   19
              143   7
              144   8
              145   11
              146   6
              147   15
              148   16
              149   19
              150   16
              151   7
              152   6
              153   7
              154   9
              155   3
              156   13
              157   17
              158   7
              159   3
              160   2
              161   6
              162   15
              163   2
              164   14
              165   19
              166   13
              167   9
              168   17
              169   9
              170   10
              171   9
              172   16
              173   14
              174   14
              175   3
              176   8
              177   3
              178   1
              179   3
              180   15
              181   9
              182   8
              183   13
              184   17
              185   2
              186   3
              187   18
              188   8
              189   12
              190   19
              191   18
              192   16
              193   12
              194   18
              195   4
              196   19
              197   1
              198   12
              199   15
              200   17
;

