set I := 1 2 3 4 5 6 7 8 9 10 11 12 13 14 15 16 17 18 19 20 21 22 23 24 25 26 27 28 29 30 31 32 33 34 35 36 37 38 39 40 41 42 43 44 45 46 47 48 49 50 51 52 53 54 55 56 ;

set J := 1 2 3 4 5 6 7 8 9 10 11 12 13 14 15 16 17 18 19 20 21 22 23 24 25 26 27 28 29 30 31 32 33 34 35 36 37 38 39 40 41 42 43 44 45 46 47 48 49 50 51 52 53 54 55 56 57 58 59 60 61 62 63 64 65 66 67 68 69 70 71 72 73 74 75 76 77 78 79 80 81 82 83 84 85 86 87 88 89 90 91 92 93 94 95 96 97 98 99 100 ;

param b:=     1   50
              2   50
              3   50
              4   50
              5   50
              6   50
              7   50
              8   50
              9   50
              10   50
              11   50
              12   50
              13   50
              14   50
              15   50
              16   50
              17   50
              18   50
              19   50
              20   50
              21   50
              22   50
              23   100
              24   100
              25   100
              26   100
              27   100
              28   100
              29   100
              30   100
              31   100
              32   100
              33   100
              34   150
              35   150
              36   150
              37   150
              38   150
              39   150
              40   150
              41   150
              42   200
              43   200
              44   200
              45   200
              46   200
              47   200
              48   250
              49   250
              50   250
              51   250
              52   250
              53   300
              54   300
              55   300
              56   300
;


param f:=     1   707
              2   707
              3   707
              4   707
              5   707
              6   707
              7   707
              8   707
              9   707
              10   707
              11   707
              12   707
              13   707
              14   707
              15   707
              16   707
              17   707
              18   707
              19   707
              20   707
              21   707
              22   707
              23   1000
              24   1000
              25   1000
              26   1000
              27   1000
              28   1000
              29   1000
              30   1000
              31   1000
              32   1000
              33   1000
              34   1224
              35   1224
              36   1224
              37   1224
              38   1224
              39   1224
              40   1224
              41   1224
              42   1414
              43   1414
              44   1414
              45   1414
              46   1414
              47   1414
              48   1581
              49   1581
              50   1581
              51   1581
              52   1581
              53   1732
              54   1732
              55   1732
              56   1732
;


param w:=     1   11
              2   18
              3   17
              4   15
              5   3
              6   19
              7   9
              8   19
              9   12
              10   7
              11   2
              12   18
              13   6
              14   17
              15   14
              16   8
              17   11
              18   4
              19   10
              20   17
              21   12
              22   6
              23   11
              24   13
              25   9
              26   9
              27   16
              28   19
              29   8
              30   4
              31   5
              32   9
              33   15
              34   13
              35   16
              36   20
              37   13
              38   8
              39   11
              40   5
              41   4
              42   12
              43   8
              44   7
              45   10
              46   19
              47   7
              48   16
              49   17
              50   5
              51   3
              52   6
              53   3
              54   9
              55   16
              56   19
              57   5
              58   19
              59   16
              60   7
              61   8
              62   7
              63   19
              64   8
              65   16
              66   16
              67   17
              68   12
              69   9
              70   8
              71   5
              72   7
              73   12
              74   2
              75   7
              76   15
              77   20
              78   8
              79   19
              80   8
              81   4
              82   18
              83   14
              84   4
              85   7
              86   12
              87   4
              88   12
              89   5
              90   7
              91   3
              92   9
              93   4
              94   16
              95   4
              96   3
              97   9
              98   19
              99   10
              100   6
;

