set I := 1 2 3 4 5 6 7 8 9 10 11 12 13 14 15 16 17 18 19 20 21 ;

set J := 1 2 3 4 5 6 7 8 9 10 11 12 13 14 15 16 17 18 19 20 21 22 23 24 25 26 27 28 29 30 31 32 33 34 35 36 37 38 39 40 41 42 43 44 45 46 47 48 49 50 51 52 53 54 55 56 57 58 59 60 61 62 63 64 65 66 67 68 69 70 71 72 73 74 75 76 77 78 79 80 81 82 83 84 85 86 87 88 89 90 91 92 93 94 95 96 97 98 99 100 ;

param b:=     1   100
              2   100
              3   100
              4   100
              5   100
              6   100
              7   100
              8   100
              9   100
              10   100
              11   100
              12   200
              13   200
              14   200
              15   200
              16   200
              17   200
              18   300
              19   300
              20   300
              21   300
;


param f:=     1   1241
              2   2222
              3   1476
              4   2085
              5   1360
              6   1926
              7   1653
              8   1848
              9   2122
              10   1978
              11   1278
              12   1690
              13   1988
              14   1864
              15   2231
              16   2159
              17   2205
              18   3390
              19   3439
              20   3357
              21   3585
;


param w:=     1   6
              2   2
              3   9
              4   13
              5   11
              6   11
              7   8
              8   18
              9   2
              10   4
              11   15
              12   1
              13   2
              14   13
              15   3
              16   7
              17   14
              18   9
              19   5
              20   7
              21   14
              22   4
              23   3
              24   7
              25   2
              26   2
              27   20
              28   19
              29   10
              30   9
              31   8
              32   16
              33   19
              34   18
              35   3
              36   7
              37   3
              38   2
              39   14
              40   9
              41   1
              42   15
              43   19
              44   5
              45   6
              46   9
              47   15
              48   9
              49   8
              50   15
              51   14
              52   12
              53   10
              54   15
              55   2
              56   3
              57   7
              58   6
              59   17
              60   18
              61   19
              62   8
              63   18
              64   16
              65   1
              66   14
              67   11
              68   10
              69   13
              70   11
              71   10
              72   1
              73   11
              74   10
              75   20
              76   19
              77   7
              78   13
              79   13
              80   18
              81   5
              82   9
              83   17
              84   14
              85   18
              86   14
              87   6
              88   10
              89   19
              90   3
              91   15
              92   18
              93   11
              94   15
              95   7
              96   17
              97   19
              98   4
              99   9
              100   2
;

