set I := 1 2 3 4 5 6 7 8 9 10 11 12 13 14 15 16 17 18 19 20 21 22 23 24 25 26 27 28 29 30 31 32 33 34 35 36 37 38 39 40 41 42 43 44 45 46 47 48 49 50 51 52 53 54 55 56 57 58 59 60 61 62 63 64 65 66 67 68 69 70 71 72 73 74 75 76 77 78 79 80 81 82 83 84 85 86 87 88 89 90 91 92 93 94 95 96 97 98 99 100 101 102 103 104 105 106 107 108 109 110 111 112 113 114 115 116 117 118 119 120 121 122 123 124 125 126 127 128 129 130 131 132 133 134 ;

set J := 1 2 3 4 5 6 7 8 9 10 11 12 13 14 15 16 17 18 19 20 21 22 23 24 25 26 27 28 29 30 31 32 33 34 35 36 37 38 39 40 41 42 43 44 45 46 47 48 49 50 51 52 53 54 55 56 57 58 59 60 61 62 63 64 65 66 67 68 69 70 71 72 73 74 75 76 77 78 79 80 81 82 83 84 85 86 87 88 89 90 91 92 93 94 95 96 97 98 99 100 ;

param b:=     1   25
              2   25
              3   25
              4   25
              5   25
              6   25
              7   25
              8   25
              9   25
              10   25
              11   25
              12   25
              13   25
              14   25
              15   25
              16   25
              17   25
              18   25
              19   25
              20   25
              21   25
              22   25
              23   25
              24   25
              25   25
              26   25
              27   25
              28   25
              29   25
              30   25
              31   25
              32   25
              33   25
              34   25
              35   25
              36   25
              37   25
              38   25
              39   25
              40   25
              41   25
              42   25
              43   50
              44   50
              45   50
              46   50
              47   50
              48   50
              49   50
              50   50
              51   50
              52   50
              53   50
              54   50
              55   50
              56   50
              57   50
              58   50
              59   50
              60   50
              61   50
              62   50
              63   50
              64   75
              65   75
              66   75
              67   75
              68   75
              69   75
              70   75
              71   75
              72   75
              73   75
              74   75
              75   75
              76   75
              77   75
              78   100
              79   100
              80   100
              81   100
              82   100
              83   100
              84   100
              85   100
              86   100
              87   100
              88   100
              89   125
              90   125
              91   125
              92   125
              93   125
              94   125
              95   125
              96   125
              97   125
              98   150
              99   150
              100   150
              101   150
              102   150
              103   150
              104   150
              105   175
              106   175
              107   175
              108   175
              109   175
              110   175
              111   200
              112   200
              113   200
              114   200
              115   200
              116   200
              117   225
              118   225
              119   225
              120   225
              121   225
              122   250
              123   250
              124   250
              125   250
              126   250
              127   275
              128   275
              129   275
              130   275
              131   300
              132   300
              133   300
              134   300
;


param f:=     1   982
              2   989
              3   1031
              4   810
              5   659
              6   777
              7   697
              8   807
              9   684
              10   1058
              11   980
              12   695
              13   915
              14   1031
              15   784
              16   1040
              17   1063
              18   821
              19   1010
              20   777
              21   664
              22   1058
              23   870
              24   811
              25   644
              26   641
              27   977
              28   1015
              29   960
              30   864
              31   826
              32   1072
              33   849
              34   870
              35   725
              36   1012
              37   843
              38   807
              39   708
              40   959
              41   781
              42   963
              43   972
              44   1251
              45   1103
              46   1323
              47   996
              48   1332
              49   1359
              50   1143
              51   981
              52   1205
              53   1008
              54   807
              55   1357
              56   1055
              57   1178
              58   1517
              59   985
              60   1050
              61   1464
              62   1146
              63   1355
              64   1019
              65   1028
              66   1759
              67   1224
              68   1260
              69   1812
              70   1802
              71   1577
              72   1377
              73   1158
              74   1209
              75   1762
              76   1678
              77   1657
              78   1220
              79   1399
              80   2239
              81   1523
              82   1560
              83   1787
              84   1738
              85   2008
              86   1777
              87   2165
              88   1385
              89   2069
              90   1879
              91   2058
              92   2203
              93   1933
              94   1381
              95   1842
              96   1208
              97   2138
              98   1616
              99   1395
              100   1951
              101   2265
              102   1560
              103   2049
              104   1813
              105   2469
              106   2050
              107   2110
              108   1678
              109   2582
              110   2080
              111   2489
              112   2526
              113   1649
              114   2471
              115   2091
              116   2023
              117   1928
              118   2038
              119   2656
              120   1821
              121   3119
              122   2634
              123   2548
              124   3448
              125   2723
              126   3253
              127   1979
              128   2239
              129   2664
              130   2819
              131   2183
              132   2400
              133   2904
              134   3344
;


param w:=     1   6
              2   2
              3   9
              4   13
              5   11
              6   11
              7   8
              8   18
              9   2
              10   4
              11   15
              12   1
              13   2
              14   13
              15   3
              16   7
              17   14
              18   9
              19   5
              20   7
              21   14
              22   4
              23   3
              24   7
              25   2
              26   2
              27   20
              28   19
              29   10
              30   9
              31   8
              32   16
              33   19
              34   18
              35   3
              36   7
              37   3
              38   2
              39   14
              40   9
              41   1
              42   15
              43   19
              44   5
              45   6
              46   9
              47   15
              48   9
              49   8
              50   15
              51   14
              52   12
              53   10
              54   15
              55   2
              56   3
              57   7
              58   6
              59   17
              60   18
              61   19
              62   8
              63   18
              64   16
              65   1
              66   14
              67   11
              68   10
              69   13
              70   11
              71   10
              72   1
              73   11
              74   10
              75   20
              76   19
              77   7
              78   13
              79   13
              80   18
              81   5
              82   9
              83   17
              84   14
              85   18
              86   14
              87   6
              88   10
              89   19
              90   3
              91   15
              92   18
              93   11
              94   15
              95   7
              96   17
              97   19
              98   4
              99   9
              100   2
;

