set I := 1 2 3 4 5 6 7 8 9 10 11 12 13 14 15 16 17 18 19 20 21 22 23 24 25 26 27 28 29 30 31 32 33 34 35 36 37 38 39 40 41 42 43 44 45 46 47 48 49 50 51 52 53 54 55 ;

set J := 1 2 3 4 5 6 7 8 9 10 11 12 13 14 15 16 17 18 19 20 21 22 23 24 25 26 27 28 29 30 31 32 33 34 35 36 37 38 39 40 41 42 43 44 45 46 47 48 49 50 51 52 53 54 55 56 57 58 59 60 61 62 63 64 65 66 67 68 69 70 71 72 73 74 75 76 77 78 79 80 81 82 83 84 85 86 87 88 89 90 91 92 93 94 95 96 97 98 99 100 ;

param b:=     1   60
              2   65
              3   70
              4   75
              5   80
              6   85
              7   90
              8   95
              9   100
              10   105
              11   110
              12   115
              13   120
              14   125
              15   130
              16   135
              17   140
              18   145
              19   150
              20   155
              21   160
              22   165
              23   170
              24   175
              25   180
              26   185
              27   190
              28   195
              29   200
              30   205
              31   210
              32   215
              33   220
              34   225
              35   230
              36   235
              37   240
              38   245
              39   250
              40   255
              41   260
              42   265
              43   270
              44   275
              45   280
              46   285
              47   290
              48   295
              49   300
              50   305
              51   310
              52   315
              53   320
              54   325
              55   330
;


param f:=     1   1484
              2   1633
              3   1622
              4   1240
              5   1191
              6   1021
              7   1542
              8   2026
              9   1883
              10   2132
              11   1643
              12   2266
              13   1662
              14   1659
              15   1817
              16   2232
              17   2368
              18   2581
              19   2360
              20   1473
              21   2518
              22   1532
              23   2264
              24   2043
              25   2575
              26   2119
              27   2690
              28   2750
              29   2903
              30   2317
              31   3102
              32   2243
              33   2687
              34   1983
              35   2885
              36   2962
              37   2845
              38   2100
              39   3120
              40   2630
              41   2476
              42   2306
              43   2236
              44   2622
              45   2004
              46   3114
              47   3566
              48   2192
              49   2240
              50   3327
              51   3526
              52   2559
              53   2099
              54   3670
              55   2761
;


param w:=     1   6
              2   2
              3   9
              4   13
              5   11
              6   11
              7   8
              8   18
              9   2
              10   4
              11   15
              12   1
              13   2
              14   13
              15   3
              16   7
              17   14
              18   9
              19   5
              20   7
              21   14
              22   4
              23   3
              24   7
              25   2
              26   2
              27   20
              28   19
              29   10
              30   9
              31   8
              32   16
              33   19
              34   18
              35   3
              36   7
              37   3
              38   2
              39   14
              40   9
              41   1
              42   15
              43   19
              44   5
              45   6
              46   9
              47   15
              48   9
              49   8
              50   15
              51   14
              52   12
              53   10
              54   15
              55   2
              56   3
              57   7
              58   6
              59   17
              60   18
              61   19
              62   8
              63   18
              64   16
              65   1
              66   14
              67   11
              68   10
              69   13
              70   11
              71   10
              72   1
              73   11
              74   10
              75   20
              76   19
              77   7
              78   13
              79   13
              80   18
              81   5
              82   9
              83   17
              84   14
              85   18
              86   14
              87   6
              88   10
              89   19
              90   3
              91   15
              92   18
              93   11
              94   15
              95   7
              96   17
              97   19
              98   4
              99   9
              100   2
;

