set I := 1 2 3 4 5 6 7 8 9 10 11 12 13 14 15 16 17 18 19 20 21 22 23 24 25 26 27 28 29 30 31 32 33 34 35 36 37 38 39 40 41 42 43 44 45 46 47 48 49 50 51 52 53 54 55 ;

set J := 1 2 3 4 5 6 7 8 9 10 11 12 13 14 15 16 17 18 19 20 21 22 23 24 25 26 27 28 29 30 31 32 33 34 35 36 37 38 39 40 41 42 43 44 45 46 47 48 49 50 51 52 53 54 55 56 57 58 59 60 61 62 63 64 65 66 67 68 69 70 71 72 73 74 75 76 77 78 79 80 81 82 83 84 85 86 87 88 89 90 91 92 93 94 95 96 97 98 99 100 101 102 103 104 105 106 107 108 109 110 111 112 113 114 115 116 117 118 119 120 121 122 123 124 125 126 127 128 129 130 131 132 133 134 135 136 137 138 139 140 141 142 143 144 145 146 147 148 149 150 151 152 153 154 155 156 157 158 159 160 161 162 163 164 165 166 167 168 169 170 171 172 173 174 175 176 177 178 179 180 181 182 183 184 185 186 187 188 189 190 191 192 193 194 195 196 197 198 199 200 201 202 203 204 205 206 207 208 209 210 211 212 213 214 215 216 217 218 219 220 221 222 223 224 225 226 227 228 229 230 231 232 233 234 235 236 237 238 239 240 241 242 243 244 245 246 247 248 249 250 251 252 253 254 255 256 257 258 259 260 261 262 263 264 265 266 267 268 269 270 271 272 273 274 275 276 277 278 279 280 281 282 283 284 285 286 287 288 289 290 291 292 293 294 295 296 297 298 299 300 301 302 303 304 305 306 307 308 309 310 311 312 313 314 315 316 317 318 319 320 321 322 323 324 325 326 327 328 329 330 331 332 333 334 335 336 337 338 339 340 341 342 343 344 345 346 347 348 349 350 351 352 353 354 355 356 357 358 359 360 361 362 363 364 365 366 367 368 369 370 371 372 373 374 375 376 377 378 379 380 381 382 383 384 385 386 387 388 389 390 391 392 393 394 395 396 397 398 399 400 401 402 403 404 405 406 407 408 409 410 411 412 413 414 415 416 417 418 419 420 421 422 423 424 425 426 427 428 429 430 431 432 433 434 435 436 437 438 439 440 441 442 443 444 445 446 447 448 449 450 451 452 453 454 455 456 457 458 459 460 461 462 463 464 465 466 467 468 469 470 471 472 473 474 475 476 477 478 479 480 481 482 483 484 485 486 487 488 489 490 491 492 493 494 495 496 497 498 499 500 501 502 503 504 505 506 507 508 509 510 511 512 513 514 515 516 517 518 519 520 521 522 523 524 525 526 527 528 529 530 531 532 533 534 535 536 537 538 539 540 541 542 543 544 545 546 547 548 549 550 551 552 553 554 555 556 557 558 559 560 561 562 563 564 565 566 567 568 569 570 571 572 573 574 575 576 577 578 579 580 581 582 583 584 585 586 587 588 589 590 591 592 593 594 595 596 597 598 599 600 601 602 603 604 605 606 607 608 609 610 611 612 613 614 615 616 617 618 619 620 621 622 623 624 625 626 627 628 629 630 631 632 633 634 635 636 637 638 639 640 641 642 643 644 645 646 647 648 649 650 651 652 653 654 655 656 657 658 659 660 661 662 663 664 665 666 667 668 669 670 671 672 673 674 675 676 677 678 679 680 681 682 683 684 685 686 687 688 689 690 691 692 693 694 695 696 697 698 699 700 701 702 703 704 705 706 707 708 709 710 711 712 713 714 715 716 717 718 719 720 721 722 723 724 725 726 727 728 729 730 731 732 733 734 735 736 737 738 739 740 741 742 743 744 745 746 747 748 749 750 751 752 753 754 755 756 757 758 759 760 761 762 763 764 765 766 767 768 769 770 771 772 773 774 775 776 777 778 779 780 781 782 783 784 785 786 787 788 789 790 791 792 793 794 795 796 797 798 799 800 801 802 803 804 805 806 807 808 809 810 811 812 813 814 815 816 817 818 819 820 821 822 823 824 825 826 827 828 829 830 831 832 833 834 835 836 837 838 839 840 841 842 843 844 845 846 847 848 849 850 851 852 853 854 855 856 857 858 859 860 861 862 863 864 865 866 867 868 869 870 871 872 873 874 875 876 877 878 879 880 881 882 883 884 885 886 887 888 889 890 891 892 893 894 895 896 897 898 899 900 901 902 903 904 905 906 907 908 909 910 911 912 913 914 915 916 917 918 919 920 921 922 923 924 925 926 927 928 929 930 931 932 933 934 935 936 937 938 939 940 941 942 943 944 945 946 947 948 949 950 951 952 953 954 955 956 957 958 959 960 961 962 963 964 965 966 967 968 969 970 971 972 973 974 975 976 977 978 979 980 981 982 983 984 985 986 987 988 989 990 991 992 993 994 995 996 997 998 999 1000 ;

param b:=     1   60
              2   65
              3   70
              4   75
              5   80
              6   85
              7   90
              8   95
              9   100
              10   105
              11   110
              12   115
              13   120
              14   125
              15   130
              16   135
              17   140
              18   145
              19   150
              20   155
              21   160
              22   165
              23   170
              24   175
              25   180
              26   185
              27   190
              28   195
              29   200
              30   205
              31   210
              32   215
              33   220
              34   225
              35   230
              36   235
              37   240
              38   245
              39   250
              40   255
              41   260
              42   265
              43   270
              44   275
              45   280
              46   285
              47   290
              48   295
              49   300
              50   305
              51   310
              52   315
              53   320
              54   325
              55   330
;


param f:=     1   870
              2   1359
              3   1403
              4   1577
              5   1404
              6   1729
              7   1954
              8   1743
              9   1765
              10   1527
              11   2000
              12   1828
              13   2350
              14   2015
              15   1564
              16   2522
              17   1463
              18   2654
              19   1668
              20   2492
              21   1617
              22   1755
              23   2478
              24   2425
              25   1837
              26   2204
              27   2050
              28   2624
              29   2292
              30   2089
              31   2175
              32   1874
              33   3159
              34   2011
              35   2206
              36   1900
              37   2912
              38   3226
              39   2818
              40   3251
              41   2845
              42   2066
              43   3026
              44   2806
              45   2452
              46   2952
              47   3285
              48   3505
              49   3451
              50   2920
              51   3754
              52   2419
              53   3593
              54   3754
              55   3031
;


param w:=     1   6
              2   8
              3   19
              4   10
              5   12
              6   5
              7   3
              8   3
              9   19
              10   9
              11   6
              12   17
              13   3
              14   1
              15   16
              16   13
              17   4
              18   17
              19   6
              20   6
              21   20
              22   7
              23   3
              24   12
              25   13
              26   13
              27   5
              28   16
              29   20
              30   9
              31   11
              32   7
              33   4
              34   20
              35   19
              36   9
              37   11
              38   5
              39   7
              40   6
              41   11
              42   14
              43   4
              44   17
              45   3
              46   11
              47   5
              48   3
              49   19
              50   2
              51   4
              52   5
              53   16
              54   15
              55   17
              56   1
              57   19
              58   16
              59   7
              60   15
              61   15
              62   18
              63   3
              64   2
              65   13
              66   17
              67   4
              68   10
              69   13
              70   11
              71   18
              72   11
              73   14
              74   1
              75   6
              76   20
              77   19
              78   7
              79   4
              80   15
              81   4
              82   9
              83   15
              84   19
              85   10
              86   20
              87   17
              88   20
              89   4
              90   17
              91   9
              92   16
              93   14
              94   20
              95   12
              96   14
              97   17
              98   1
              99   13
              100   10
              101   17
              102   18
              103   15
              104   18
              105   9
              106   14
              107   17
              108   18
              109   6
              110   10
              111   14
              112   1
              113   16
              114   12
              115   15
              116   16
              117   3
              118   10
              119   16
              120   15
              121   4
              122   19
              123   6
              124   2
              125   15
              126   18
              127   11
              128   20
              129   10
              130   18
              131   18
              132   13
              133   10
              134   16
              135   12
              136   14
              137   4
              138   2
              139   2
              140   12
              141   11
              142   1
              143   7
              144   20
              145   13
              146   15
              147   6
              148   9
              149   6
              150   7
              151   18
              152   12
              153   11
              154   15
              155   2
              156   18
              157   19
              158   16
              159   2
              160   8
              161   15
              162   15
              163   20
              164   7
              165   8
              166   15
              167   11
              168   6
              169   20
              170   1
              171   20
              172   3
              173   3
              174   7
              175   17
              176   6
              177   4
              178   12
              179   7
              180   7
              181   4
              182   4
              183   10
              184   17
              185   12
              186   13
              187   13
              188   12
              189   10
              190   16
              191   17
              192   12
              193   17
              194   12
              195   3
              196   16
              197   4
              198   5
              199   4
              200   14
              201   2
              202   16
              203   19
              204   7
              205   2
              206   11
              207   2
              208   9
              209   13
              210   11
              211   16
              212   19
              213   17
              214   18
              215   11
              216   4
              217   12
              218   17
              219   12
              220   19
              221   17
              222   2
              223   6
              224   19
              225   18
              226   13
              227   8
              228   16
              229   10
              230   2
              231   10
              232   4
              233   9
              234   10
              235   11
              236   9
              237   10
              238   14
              239   8
              240   17
              241   10
              242   14
              243   18
              244   15
              245   8
              246   1
              247   7
              248   9
              249   20
              250   12
              251   6
              252   20
              253   1
              254   18
              255   12
              256   14
              257   2
              258   1
              259   19
              260   6
              261   14
              262   8
              263   5
              264   3
              265   7
              266   19
              267   16
              268   15
              269   5
              270   18
              271   6
              272   5
              273   7
              274   11
              275   14
              276   7
              277   16
              278   16
              279   9
              280   5
              281   9
              282   5
              283   6
              284   12
              285   14
              286   5
              287   5
              288   20
              289   20
              290   12
              291   13
              292   15
              293   12
              294   18
              295   17
              296   8
              297   7
              298   4
              299   10
              300   5
              301   17
              302   11
              303   6
              304   6
              305   6
              306   7
              307   5
              308   16
              309   11
              310   8
              311   14
              312   13
              313   19
              314   13
              315   5
              316   6
              317   7
              318   4
              319   18
              320   2
              321   13
              322   5
              323   8
              324   6
              325   5
              326   20
              327   3
              328   3
              329   10
              330   19
              331   1
              332   3
              333   14
              334   6
              335   10
              336   10
              337   14
              338   19
              339   10
              340   11
              341   6
              342   14
              343   15
              344   18
              345   4
              346   1
              347   3
              348   11
              349   8
              350   16
              351   10
              352   10
              353   12
              354   19
              355   2
              356   2
              357   4
              358   20
              359   15
              360   8
              361   12
              362   19
              363   17
              364   16
              365   7
              366   5
              367   1
              368   12
              369   20
              370   10
              371   15
              372   20
              373   11
              374   7
              375   16
              376   18
              377   10
              378   6
              379   14
              380   19
              381   7
              382   18
              383   12
              384   4
              385   6
              386   4
              387   4
              388   3
              389   13
              390   4
              391   16
              392   20
              393   4
              394   15
              395   11
              396   8
              397   9
              398   9
              399   3
              400   10
              401   2
              402   18
              403   12
              404   1
              405   7
              406   15
              407   3
              408   20
              409   1
              410   2
              411   3
              412   10
              413   2
              414   9
              415   8
              416   14
              417   18
              418   12
              419   7
              420   14
              421   14
              422   19
              423   18
              424   16
              425   14
              426   2
              427   16
              428   2
              429   2
              430   10
              431   6
              432   10
              433   3
              434   16
              435   8
              436   18
              437   15
              438   6
              439   19
              440   13
              441   6
              442   3
              443   9
              444   5
              445   16
              446   8
              447   18
              448   6
              449   19
              450   17
              451   3
              452   6
              453   10
              454   3
              455   7
              456   14
              457   15
              458   18
              459   15
              460   5
              461   12
              462   7
              463   10
              464   10
              465   8
              466   17
              467   19
              468   12
              469   17
              470   11
              471   15
              472   2
              473   10
              474   3
              475   15
              476   3
              477   10
              478   2
              479   8
              480   4
              481   1
              482   17
              483   10
              484   20
              485   18
              486   1
              487   18
              488   2
              489   5
              490   13
              491   6
              492   17
              493   8
              494   12
              495   4
              496   2
              497   4
              498   15
              499   19
              500   16
              501   17
              502   9
              503   7
              504   13
              505   14
              506   3
              507   5
              508   11
              509   13
              510   7
              511   18
              512   10
              513   1
              514   20
              515   16
              516   8
              517   12
              518   10
              519   16
              520   9
              521   8
              522   9
              523   15
              524   4
              525   9
              526   12
              527   13
              528   14
              529   15
              530   9
              531   6
              532   8
              533   10
              534   8
              535   3
              536   4
              537   2
              538   11
              539   10
              540   2
              541   15
              542   12
              543   5
              544   15
              545   13
              546   8
              547   19
              548   20
              549   8
              550   7
              551   20
              552   9
              553   6
              554   19
              555   11
              556   7
              557   13
              558   18
              559   2
              560   1
              561   13
              562   8
              563   16
              564   18
              565   17
              566   5
              567   4
              568   16
              569   13
              570   12
              571   7
              572   19
              573   10
              574   2
              575   3
              576   13
              577   20
              578   12
              579   15
              580   2
              581   14
              582   4
              583   16
              584   19
              585   8
              586   2
              587   19
              588   5
              589   8
              590   17
              591   13
              592   12
              593   6
              594   13
              595   15
              596   16
              597   15
              598   16
              599   6
              600   6
              601   6
              602   17
              603   9
              604   19
              605   11
              606   2
              607   10
              608   12
              609   6
              610   7
              611   15
              612   6
              613   16
              614   15
              615   1
              616   6
              617   6
              618   8
              619   12
              620   20
              621   18
              622   8
              623   16
              624   13
              625   18
              626   13
              627   18
              628   7
              629   18
              630   16
              631   11
              632   4
              633   16
              634   5
              635   3
              636   18
              637   20
              638   16
              639   13
              640   9
              641   12
              642   6
              643   11
              644   4
              645   17
              646   3
              647   19
              648   8
              649   12
              650   20
              651   9
              652   11
              653   3
              654   12
              655   5
              656   11
              657   3
              658   7
              659   11
              660   15
              661   18
              662   2
              663   16
              664   16
              665   1
              666   5
              667   12
              668   9
              669   13
              670   16
              671   1
              672   3
              673   4
              674   9
              675   19
              676   2
              677   20
              678   16
              679   14
              680   16
              681   3
              682   5
              683   16
              684   8
              685   13
              686   8
              687   7
              688   14
              689   11
              690   2
              691   18
              692   17
              693   12
              694   12
              695   12
              696   16
              697   6
              698   19
              699   6
              700   9
              701   15
              702   2
              703   3
              704   7
              705   15
              706   18
              707   8
              708   11
              709   14
              710   16
              711   3
              712   5
              713   20
              714   3
              715   15
              716   11
              717   12
              718   4
              719   2
              720   19
              721   5
              722   16
              723   1
              724   9
              725   2
              726   17
              727   12
              728   18
              729   3
              730   12
              731   14
              732   2
              733   13
              734   3
              735   14
              736   3
              737   8
              738   13
              739   8
              740   3
              741   15
              742   18
              743   8
              744   2
              745   18
              746   2
              747   5
              748   11
              749   5
              750   11
              751   5
              752   11
              753   18
              754   14
              755   3
              756   5
              757   18
              758   17
              759   8
              760   7
              761   18
              762   1
              763   18
              764   2
              765   8
              766   4
              767   19
              768   12
              769   15
              770   2
              771   11
              772   3
              773   11
              774   15
              775   10
              776   8
              777   6
              778   15
              779   20
              780   13
              781   15
              782   17
              783   13
              784   7
              785   18
              786   11
              787   14
              788   8
              789   5
              790   9
              791   3
              792   11
              793   11
              794   14
              795   6
              796   10
              797   8
              798   11
              799   11
              800   11
              801   11
              802   12
              803   3
              804   20
              805   19
              806   4
              807   3
              808   5
              809   6
              810   9
              811   3
              812   8
              813   14
              814   18
              815   4
              816   19
              817   11
              818   12
              819   12
              820   4
              821   18
              822   2
              823   19
              824   2
              825   3
              826   2
              827   3
              828   12
              829   5
              830   5
              831   19
              832   4
              833   3
              834   9
              835   6
              836   4
              837   2
              838   19
              839   7
              840   7
              841   3
              842   17
              843   16
              844   19
              845   18
              846   15
              847   4
              848   4
              849   1
              850   4
              851   4
              852   11
              853   18
              854   9
              855   6
              856   2
              857   10
              858   7
              859   11
              860   5
              861   2
              862   14
              863   10
              864   14
              865   5
              866   5
              867   12
              868   13
              869   14
              870   10
              871   16
              872   2
              873   4
              874   19
              875   16
              876   7
              877   15
              878   2
              879   8
              880   10
              881   17
              882   7
              883   16
              884   2
              885   4
              886   9
              887   9
              888   17
              889   20
              890   3
              891   12
              892   11
              893   13
              894   13
              895   13
              896   19
              897   13
              898   12
              899   13
              900   16
              901   16
              902   11
              903   4
              904   16
              905   20
              906   4
              907   7
              908   7
              909   8
              910   19
              911   20
              912   3
              913   18
              914   11
              915   8
              916   5
              917   16
              918   6
              919   10
              920   14
              921   4
              922   19
              923   12
              924   16
              925   10
              926   8
              927   18
              928   5
              929   13
              930   19
              931   14
              932   14
              933   16
              934   11
              935   18
              936   13
              937   16
              938   7
              939   11
              940   18
              941   13
              942   15
              943   5
              944   3
              945   8
              946   6
              947   2
              948   5
              949   10
              950   10
              951   15
              952   11
              953   4
              954   6
              955   4
              956   16
              957   2
              958   16
              959   3
              960   14
              961   4
              962   19
              963   11
              964   6
              965   12
              966   17
              967   14
              968   1
              969   7
              970   12
              971   7
              972   6
              973   15
              974   7
              975   20
              976   13
              977   7
              978   15
              979   5
              980   19
              981   5
              982   11
              983   10
              984   8
              985   18
              986   16
              987   7
              988   14
              989   17
              990   12
              991   16
              992   2
              993   17
              994   13
              995   14
              996   10
              997   10
              998   15
              999   12
              1000   12
;

