set I := 1 2 3 4 5 6 7 8 9 10 11 12 13 14 15 16 17 18 19 20 21 22 23 24 25 26 27 28 29 30 31 32 33 34 35 36 37 38 39 40 41 42 43 44 45 46 47 48 49 50 51 52 53 54 ;

set J := 1 2 3 4 5 6 7 8 9 10 11 12 13 14 15 16 17 18 19 20 21 22 23 24 25 26 27 28 29 30 31 32 33 34 35 36 37 38 39 40 41 42 43 44 45 46 47 48 49 50 51 52 53 54 55 56 57 58 59 60 61 62 63 64 65 66 67 68 69 70 71 72 73 74 75 76 77 78 79 80 81 82 83 84 85 86 87 88 89 90 91 92 93 94 95 96 97 98 99 100 ;

param b:=     1   50
              2   50
              3   50
              4   50
              5   50
              6   50
              7   50
              8   50
              9   50
              10   50
              11   50
              12   50
              13   50
              14   50
              15   50
              16   50
              17   50
              18   50
              19   50
              20   50
              21   50
              22   100
              23   100
              24   100
              25   100
              26   100
              27   100
              28   100
              29   100
              30   100
              31   100
              32   100
              33   150
              34   150
              35   150
              36   150
              37   150
              38   150
              39   150
              40   200
              41   200
              42   200
              43   200
              44   200
              45   200
              46   250
              47   250
              48   250
              49   250
              50   250
              51   300
              52   300
              53   300
              54   300
;


param f:=     1   1179
              2   1194
              3   1076
              4   1217
              5   1534
              6   1240
              7   1382
              8   1180
              9   976
              10   1433
              11   1202
              12   1364
              13   1150
              14   1308
              15   896
              16   1124
              17   1235
              18   1358
              19   1048
              20   1308
              21   1308
              22   1935
              23   1315
              24   1840
              25   1562
              26   1757
              27   1379
              28   1433
              29   1125
              30   2098
              31   2003
              32   1394
              33   1908
              34   1932
              35   1661
              36   2384
              37   2008
              38   2501
              39   2053
              40   2421
              41   2151
              42   2295
              43   1675
              44   2486
              45   2645
              46   3217
              47   2167
              48   2459
              49   2336
              50   3119
              51   1940
              52   2550
              53   2326
              54   2594
;


param w:=     1   6
              2   2
              3   9
              4   13
              5   11
              6   11
              7   8
              8   18
              9   2
              10   4
              11   15
              12   1
              13   2
              14   13
              15   3
              16   7
              17   14
              18   9
              19   5
              20   7
              21   14
              22   4
              23   3
              24   7
              25   2
              26   2
              27   20
              28   19
              29   10
              30   9
              31   8
              32   16
              33   19
              34   18
              35   3
              36   7
              37   3
              38   2
              39   14
              40   9
              41   1
              42   15
              43   19
              44   5
              45   6
              46   9
              47   15
              48   9
              49   8
              50   15
              51   14
              52   12
              53   10
              54   15
              55   2
              56   3
              57   7
              58   6
              59   17
              60   18
              61   19
              62   8
              63   18
              64   16
              65   1
              66   14
              67   11
              68   10
              69   13
              70   11
              71   10
              72   1
              73   11
              74   10
              75   20
              76   19
              77   7
              78   13
              79   13
              80   18
              81   5
              82   9
              83   17
              84   14
              85   18
              86   14
              87   6
              88   10
              89   19
              90   3
              91   15
              92   18
              93   11
              94   15
              95   7
              96   17
              97   19
              98   4
              99   9
              100   2
;

