set I := 1 2 3 4 5 6 7 8 9 10 11 12 13 14 15 16 17 18 19 20 21 22 23 24 25 26 27 28 29 30 31 32 33 34 35 36 37 38 39 40 41 42 43 44 45 46 47 48 49 50 51 52 53 54 55 ;

set J := 1 2 3 4 5 6 7 8 9 10 11 12 13 14 15 16 17 18 19 20 21 22 23 24 25 26 27 28 29 30 31 32 33 34 35 36 37 38 39 40 41 42 43 44 45 46 47 48 49 50 51 52 53 54 55 56 57 58 59 60 61 62 63 64 65 66 67 68 69 70 71 72 73 74 75 76 77 78 79 80 81 82 83 84 85 86 87 88 89 90 91 92 93 94 95 96 97 98 99 100 101 102 103 104 105 106 107 108 109 110 111 112 113 114 115 116 117 118 119 120 121 122 123 124 125 126 127 128 129 130 131 132 133 134 135 136 137 138 139 140 141 142 143 144 145 146 147 148 149 150 151 152 153 154 155 156 157 158 159 160 161 162 163 164 165 166 167 168 169 170 171 172 173 174 175 176 177 178 179 180 181 182 183 184 185 186 187 188 189 190 191 192 193 194 195 196 197 198 199 200 201 202 203 204 205 206 207 208 209 210 211 212 213 214 215 216 217 218 219 220 221 222 223 224 225 226 227 228 229 230 231 232 233 234 235 236 237 238 239 240 241 242 243 244 245 246 247 248 249 250 251 252 253 254 255 256 257 258 259 260 261 262 263 264 265 266 267 268 269 270 271 272 273 274 275 276 277 278 279 280 281 282 283 284 285 286 287 288 289 290 291 292 293 294 295 296 297 298 299 300 301 302 303 304 305 306 307 308 309 310 311 312 313 314 315 316 317 318 319 320 321 322 323 324 325 326 327 328 329 330 331 332 333 334 335 336 337 338 339 340 341 342 343 344 345 346 347 348 349 350 351 352 353 354 355 356 357 358 359 360 361 362 363 364 365 366 367 368 369 370 371 372 373 374 375 376 377 378 379 380 381 382 383 384 385 386 387 388 389 390 391 392 393 394 395 396 397 398 399 400 401 402 403 404 405 406 407 408 409 410 411 412 413 414 415 416 417 418 419 420 421 422 423 424 425 426 427 428 429 430 431 432 433 434 435 436 437 438 439 440 441 442 443 444 445 446 447 448 449 450 451 452 453 454 455 456 457 458 459 460 461 462 463 464 465 466 467 468 469 470 471 472 473 474 475 476 477 478 479 480 481 482 483 484 485 486 487 488 489 490 491 492 493 494 495 496 497 498 499 500 501 502 503 504 505 506 507 508 509 510 511 512 513 514 515 516 517 518 519 520 521 522 523 524 525 526 527 528 529 530 531 532 533 534 535 536 537 538 539 540 541 542 543 544 545 546 547 548 549 550 551 552 553 554 555 556 557 558 559 560 561 562 563 564 565 566 567 568 569 570 571 572 573 574 575 576 577 578 579 580 581 582 583 584 585 586 587 588 589 590 591 592 593 594 595 596 597 598 599 600 601 602 603 604 605 606 607 608 609 610 611 612 613 614 615 616 617 618 619 620 621 622 623 624 625 626 627 628 629 630 631 632 633 634 635 636 637 638 639 640 641 642 643 644 645 646 647 648 649 650 651 652 653 654 655 656 657 658 659 660 661 662 663 664 665 666 667 668 669 670 671 672 673 674 675 676 677 678 679 680 681 682 683 684 685 686 687 688 689 690 691 692 693 694 695 696 697 698 699 700 701 702 703 704 705 706 707 708 709 710 711 712 713 714 715 716 717 718 719 720 721 722 723 724 725 726 727 728 729 730 731 732 733 734 735 736 737 738 739 740 741 742 743 744 745 746 747 748 749 750 751 752 753 754 755 756 757 758 759 760 761 762 763 764 765 766 767 768 769 770 771 772 773 774 775 776 777 778 779 780 781 782 783 784 785 786 787 788 789 790 791 792 793 794 795 796 797 798 799 800 801 802 803 804 805 806 807 808 809 810 811 812 813 814 815 816 817 818 819 820 821 822 823 824 825 826 827 828 829 830 831 832 833 834 835 836 837 838 839 840 841 842 843 844 845 846 847 848 849 850 851 852 853 854 855 856 857 858 859 860 861 862 863 864 865 866 867 868 869 870 871 872 873 874 875 876 877 878 879 880 881 882 883 884 885 886 887 888 889 890 891 892 893 894 895 896 897 898 899 900 901 902 903 904 905 906 907 908 909 910 911 912 913 914 915 916 917 918 919 920 921 922 923 924 925 926 927 928 929 930 931 932 933 934 935 936 937 938 939 940 941 942 943 944 945 946 947 948 949 950 951 952 953 954 955 956 957 958 959 960 961 962 963 964 965 966 967 968 969 970 971 972 973 974 975 976 977 978 979 980 981 982 983 984 985 986 987 988 989 990 991 992 993 994 995 996 997 998 999 1000 ;

param b:=     1   60
              2   65
              3   70
              4   75
              5   80
              6   85
              7   90
              8   95
              9   100
              10   105
              11   110
              12   115
              13   120
              14   125
              15   130
              16   135
              17   140
              18   145
              19   150
              20   155
              21   160
              22   165
              23   170
              24   175
              25   180
              26   185
              27   190
              28   195
              29   200
              30   205
              31   210
              32   215
              33   220
              34   225
              35   230
              36   235
              37   240
              38   245
              39   250
              40   255
              41   260
              42   265
              43   270
              44   275
              45   280
              46   285
              47   290
              48   295
              49   300
              50   305
              51   310
              52   315
              53   320
              54   325
              55   330
;


param f:=     1   774
              2   806
              3   836
              4   866
              5   894
              6   921
              7   948
              8   974
              9   1000
              10   1024
              11   1048
              12   1072
              13   1095
              14   1118
              15   1140
              16   1161
              17   1183
              18   1204
              19   1224
              20   1244
              21   1264
              22   1284
              23   1303
              24   1322
              25   1341
              26   1360
              27   1378
              28   1396
              29   1414
              30   1431
              31   1449
              32   1466
              33   1483
              34   1500
              35   1516
              36   1532
              37   1549
              38   1565
              39   1581
              40   1596
              41   1612
              42   1627
              43   1643
              44   1658
              45   1673
              46   1688
              47   1702
              48   1717
              49   1732
              50   1746
              51   1760
              52   1774
              53   1788
              54   1802
              55   1816
;


param w:=     1   2
              2   16
              3   17
              4   14
              5   6
              6   17
              7   8
              8   16
              9   9
              10   11
              11   3
              12   17
              13   13
              14   15
              15   12
              16   20
              17   11
              18   6
              19   4
              20   20
              21   19
              22   13
              23   5
              24   19
              25   14
              26   19
              27   16
              28   4
              29   2
              30   14
              31   4
              32   7
              33   6
              34   12
              35   12
              36   3
              37   9
              38   10
              39   16
              40   12
              41   17
              42   20
              43   10
              44   14
              45   5
              46   11
              47   6
              48   13
              49   19
              50   18
              51   16
              52   19
              53   2
              54   16
              55   3
              56   17
              57   17
              58   7
              59   5
              60   11
              61   19
              62   15
              63   11
              64   8
              65   1
              66   13
              67   8
              68   12
              69   17
              70   2
              71   3
              72   13
              73   18
              74   16
              75   4
              76   2
              77   14
              78   11
              79   2
              80   13
              81   15
              82   5
              83   5
              84   15
              85   12
              86   12
              87   9
              88   9
              89   6
              90   9
              91   19
              92   5
              93   16
              94   19
              95   4
              96   16
              97   10
              98   18
              99   11
              100   4
              101   4
              102   3
              103   13
              104   12
              105   13
              106   8
              107   5
              108   1
              109   10
              110   16
              111   1
              112   9
              113   16
              114   2
              115   17
              116   1
              117   17
              118   6
              119   9
              120   12
              121   18
              122   20
              123   2
              124   10
              125   13
              126   12
              127   14
              128   7
              129   16
              130   17
              131   6
              132   3
              133   20
              134   3
              135   7
              136   18
              137   2
              138   19
              139   17
              140   6
              141   14
              142   4
              143   5
              144   11
              145   14
              146   10
              147   4
              148   15
              149   4
              150   11
              151   8
              152   19
              153   13
              154   15
              155   18
              156   11
              157   13
              158   3
              159   7
              160   11
              161   16
              162   16
              163   13
              164   6
              165   4
              166   4
              167   15
              168   4
              169   6
              170   18
              171   10
              172   12
              173   4
              174   18
              175   18
              176   10
              177   13
              178   17
              179   19
              180   9
              181   12
              182   7
              183   8
              184   11
              185   5
              186   7
              187   13
              188   13
              189   14
              190   20
              191   6
              192   11
              193   10
              194   19
              195   15
              196   15
              197   11
              198   10
              199   8
              200   6
              201   11
              202   18
              203   20
              204   15
              205   15
              206   4
              207   7
              208   2
              209   16
              210   2
              211   6
              212   4
              213   11
              214   8
              215   2
              216   11
              217   10
              218   5
              219   3
              220   3
              221   9
              222   4
              223   19
              224   8
              225   5
              226   16
              227   13
              228   12
              229   15
              230   6
              231   16
              232   4
              233   14
              234   19
              235   18
              236   16
              237   7
              238   16
              239   12
              240   8
              241   11
              242   15
              243   14
              244   15
              245   9
              246   17
              247   17
              248   11
              249   8
              250   16
              251   2
              252   17
              253   13
              254   19
              255   18
              256   15
              257   12
              258   17
              259   3
              260   15
              261   15
              262   5
              263   11
              264   12
              265   18
              266   11
              267   8
              268   4
              269   6
              270   20
              271   2
              272   5
              273   4
              274   6
              275   8
              276   4
              277   9
              278   17
              279   6
              280   14
              281   10
              282   12
              283   10
              284   2
              285   16
              286   9
              287   2
              288   4
              289   14
              290   6
              291   5
              292   19
              293   9
              294   5
              295   15
              296   16
              297   7
              298   3
              299   14
              300   1
              301   1
              302   19
              303   20
              304   3
              305   14
              306   5
              307   13
              308   7
              309   19
              310   13
              311   3
              312   1
              313   15
              314   9
              315   8
              316   10
              317   3
              318   10
              319   5
              320   10
              321   13
              322   12
              323   13
              324   7
              325   11
              326   18
              327   15
              328   2
              329   15
              330   14
              331   19
              332   2
              333   18
              334   11
              335   8
              336   6
              337   8
              338   4
              339   6
              340   10
              341   12
              342   10
              343   4
              344   8
              345   17
              346   12
              347   6
              348   20
              349   14
              350   18
              351   10
              352   18
              353   3
              354   8
              355   17
              356   7
              357   18
              358   14
              359   16
              360   8
              361   3
              362   10
              363   16
              364   16
              365   15
              366   16
              367   14
              368   2
              369   8
              370   2
              371   15
              372   3
              373   6
              374   4
              375   1
              376   15
              377   6
              378   19
              379   5
              380   2
              381   14
              382   13
              383   5
              384   12
              385   18
              386   15
              387   13
              388   15
              389   12
              390   17
              391   16
              392   4
              393   9
              394   18
              395   16
              396   3
              397   11
              398   15
              399   19
              400   20
              401   12
              402   6
              403   7
              404   12
              405   10
              406   15
              407   13
              408   5
              409   13
              410   3
              411   2
              412   12
              413   12
              414   19
              415   10
              416   18
              417   19
              418   20
              419   8
              420   5
              421   2
              422   12
              423   15
              424   16
              425   6
              426   13
              427   11
              428   15
              429   20
              430   4
              431   5
              432   19
              433   19
              434   17
              435   3
              436   16
              437   11
              438   3
              439   1
              440   6
              441   14
              442   14
              443   6
              444   9
              445   2
              446   8
              447   18
              448   14
              449   15
              450   16
              451   4
              452   3
              453   4
              454   14
              455   8
              456   9
              457   8
              458   18
              459   19
              460   18
              461   8
              462   19
              463   12
              464   5
              465   12
              466   13
              467   13
              468   12
              469   12
              470   16
              471   16
              472   2
              473   10
              474   6
              475   15
              476   4
              477   11
              478   6
              479   4
              480   8
              481   16
              482   18
              483   5
              484   14
              485   14
              486   20
              487   4
              488   13
              489   12
              490   10
              491   3
              492   8
              493   18
              494   19
              495   3
              496   17
              497   18
              498   7
              499   5
              500   16
              501   14
              502   10
              503   2
              504   6
              505   8
              506   15
              507   4
              508   15
              509   17
              510   11
              511   13
              512   2
              513   16
              514   16
              515   14
              516   10
              517   1
              518   20
              519   15
              520   17
              521   1
              522   1
              523   16
              524   10
              525   17
              526   10
              527   11
              528   12
              529   15
              530   15
              531   2
              532   9
              533   4
              534   16
              535   15
              536   11
              537   16
              538   7
              539   15
              540   20
              541   1
              542   4
              543   5
              544   14
              545   17
              546   11
              547   2
              548   3
              549   18
              550   17
              551   9
              552   6
              553   6
              554   4
              555   5
              556   9
              557   10
              558   9
              559   16
              560   6
              561   14
              562   3
              563   12
              564   19
              565   15
              566   14
              567   14
              568   7
              569   12
              570   16
              571   3
              572   11
              573   16
              574   3
              575   16
              576   10
              577   5
              578   1
              579   3
              580   16
              581   16
              582   14
              583   3
              584   11
              585   14
              586   15
              587   11
              588   8
              589   12
              590   3
              591   14
              592   13
              593   18
              594   16
              595   5
              596   8
              597   10
              598   11
              599   15
              600   10
              601   13
              602   13
              603   14
              604   2
              605   5
              606   10
              607   1
              608   11
              609   4
              610   4
              611   9
              612   6
              613   19
              614   9
              615   17
              616   1
              617   2
              618   12
              619   20
              620   13
              621   9
              622   17
              623   12
              624   20
              625   17
              626   19
              627   2
              628   4
              629   7
              630   8
              631   17
              632   3
              633   19
              634   4
              635   9
              636   10
              637   11
              638   17
              639   19
              640   9
              641   8
              642   19
              643   19
              644   2
              645   13
              646   7
              647   10
              648   18
              649   12
              650   5
              651   16
              652   14
              653   14
              654   14
              655   3
              656   16
              657   14
              658   7
              659   10
              660   17
              661   14
              662   18
              663   16
              664   12
              665   17
              666   15
              667   11
              668   2
              669   12
              670   8
              671   13
              672   7
              673   14
              674   16
              675   16
              676   10
              677   5
              678   17
              679   6
              680   13
              681   2
              682   14
              683   10
              684   15
              685   4
              686   19
              687   16
              688   6
              689   2
              690   12
              691   16
              692   15
              693   6
              694   14
              695   6
              696   4
              697   2
              698   17
              699   3
              700   15
              701   14
              702   14
              703   18
              704   1
              705   18
              706   9
              707   2
              708   2
              709   7
              710   3
              711   12
              712   12
              713   19
              714   17
              715   3
              716   6
              717   5
              718   5
              719   10
              720   7
              721   20
              722   11
              723   17
              724   11
              725   13
              726   9
              727   5
              728   15
              729   16
              730   8
              731   14
              732   16
              733   4
              734   10
              735   17
              736   2
              737   4
              738   6
              739   17
              740   9
              741   2
              742   12
              743   13
              744   16
              745   16
              746   4
              747   3
              748   14
              749   17
              750   10
              751   10
              752   15
              753   2
              754   19
              755   19
              756   17
              757   18
              758   18
              759   1
              760   3
              761   3
              762   10
              763   4
              764   13
              765   1
              766   8
              767   13
              768   19
              769   18
              770   10
              771   15
              772   13
              773   5
              774   15
              775   20
              776   10
              777   19
              778   10
              779   1
              780   6
              781   17
              782   4
              783   15
              784   8
              785   12
              786   2
              787   4
              788   4
              789   6
              790   10
              791   7
              792   7
              793   19
              794   6
              795   19
              796   12
              797   12
              798   2
              799   20
              800   10
              801   4
              802   4
              803   19
              804   5
              805   5
              806   20
              807   7
              808   19
              809   6
              810   16
              811   1
              812   7
              813   13
              814   12
              815   17
              816   7
              817   13
              818   13
              819   4
              820   5
              821   19
              822   18
              823   15
              824   12
              825   2
              826   8
              827   6
              828   1
              829   5
              830   14
              831   3
              832   12
              833   13
              834   11
              835   2
              836   9
              837   10
              838   14
              839   2
              840   16
              841   14
              842   7
              843   10
              844   10
              845   4
              846   19
              847   8
              848   20
              849   12
              850   3
              851   17
              852   15
              853   9
              854   12
              855   10
              856   11
              857   16
              858   11
              859   8
              860   14
              861   20
              862   13
              863   2
              864   14
              865   2
              866   18
              867   13
              868   9
              869   8
              870   13
              871   18
              872   3
              873   20
              874   18
              875   17
              876   14
              877   5
              878   8
              879   16
              880   8
              881   14
              882   14
              883   3
              884   8
              885   9
              886   14
              887   15
              888   6
              889   10
              890   11
              891   5
              892   17
              893   3
              894   5
              895   14
              896   17
              897   17
              898   3
              899   4
              900   5
              901   15
              902   17
              903   17
              904   16
              905   6
              906   3
              907   6
              908   8
              909   6
              910   7
              911   4
              912   2
              913   16
              914   10
              915   7
              916   12
              917   13
              918   13
              919   19
              920   14
              921   6
              922   7
              923   7
              924   4
              925   19
              926   7
              927   18
              928   18
              929   2
              930   12
              931   9
              932   3
              933   11
              934   3
              935   8
              936   6
              937   18
              938   7
              939   2
              940   15
              941   3
              942   12
              943   8
              944   11
              945   4
              946   18
              947   18
              948   7
              949   17
              950   13
              951   16
              952   12
              953   13
              954   10
              955   8
              956   8
              957   8
              958   17
              959   16
              960   8
              961   11
              962   6
              963   2
              964   12
              965   10
              966   14
              967   8
              968   4
              969   15
              970   16
              971   9
              972   17
              973   8
              974   7
              975   8
              976   6
              977   13
              978   10
              979   9
              980   17
              981   9
              982   13
              983   5
              984   17
              985   8
              986   18
              987   15
              988   18
              989   12
              990   15
              991   18
              992   5
              993   4
              994   3
              995   14
              996   12
              997   14
              998   2
              999   18
              1000   2
;

